#1   RA 
#2   DEC	
#3   Cluster 
#4   CLASH_ID 
#5   area 
#6   redshift 
#7   f225w_mag 
#8   f225w_magerr 
#9   f275w_mag	
#10  f275w_magerr 
#11  f336w_mag 
#12  f336w_magerr 
#13  f390w_mag 
#14  f390w_magerr 
#15  f435w_mag 
#16  f435w_magerr 
#17  f475w_mag	
#18  f475w_magerr 
#19  f606w_mag 
#20  f606w_magerr 
#21  f625w_mag 
#22  f625w_magerr 
#23  f775w_mag 
#24  f775w_magerr 
#25  f814w_mag 
#26  f814w_magerr 
#27  f850lp_mag 
#28  f850lp_magerr 
#29  f105w_mag 
#30  f105w_magerr 
#31  f110w_mag 
#32  f110w_magerr 
#33  f125w_mag 
#34  f125w_magerr 
#35  f140w_mag 
#36  f140_magerr 
#37  f160w_mag 
#38  f160w_magerr
22.9720382 	 -13.6082099 	 a209 	 774 	 651 	 0.661 	 24.3318 	 0.1478 	 24.3312 	 0.1371 	 23.3916 	 0.0573 	 23.181 	 0.026 	 23.2969 	 0.0374 	 23.0966 	 0.0202 	 22.7148 	 0.0123 	 22.538 	 0.0157 	 22.2727 	 0.014 	 22.1981 	 0.0084 	 21.9373 	 0.0147 	 21.9125 	 0.0069 	 21.7974 	 0.0054 	 21.7694 	 0.0069 	 21.6926 	 0.0059 	 21.6277 	 0.0051 	
22.9722795 	 -13.6073779 	 a209 	 1163 	 313 	 0.871 	 24.9098 	 0.1805 	 24.6174 	 0.1262 	 23.8528 	 0.0575 	 24.298 	 0.0481 	 24.5001 	 0.0785 	 24.105 	 0.0343 	 23.9849 	 0.0272 	 23.9158 	 0.0404 	 23.534 	 0.0304 	 23.4627 	 0.0165 	 23.4057 	 0.0327 	 23.2401 	 0.0156 	 23.1552 	 0.0124 	 23.0694 	 0.015 	 23.0661 	 0.0136 	 23.2302 	 0.0147 	
22.9704507 	 -13.6169143 	 a209 	 1312 	 1757 	 0.495 	 22.7327 	 0.0651 	 23.0664 	 0.0822 	 22.6412 	 0.064 	 22.5941 	 0.0284 	 -99.0 	 0.0 	 22.4931 	 0.0195 	 21.9567 	 0.011 	 21.7246 	 0.0177 	 21.4341 	 0.0122 	 21.4102 	 0.0066 	 21.3734 	 0.0132 	 21.2595 	 0.0066 	 21.2946 	 0.0058 	 21.2496 	 0.0073 	 21.2322 	 0.0064 	 21.1621 	 0.0058 	
22.9818328 	 -13.6211242 	 a209 	 1588 	 42 	 0.683 	 24.1204 	 0.0395 	 23.9919 	 0.028 	 23.6102 	 0.0171 	 23.6661 	 0.012 	 23.6918 	 0.0129 	 23.6937 	 0.0086 	 23.6436 	 0.0076 	 23.5938 	 0.0103 	 23.2124 	 0.0089 	 23.1852 	 0.0053 	 23.197 	 0.0107 	 23.2765 	 0.0083 	 23.2476 	 0.0076 	 23.1674 	 0.009 	 23.1705 	 0.0086 	 23.191 	 0.0067 	
22.9816119 	 -13.6211155 	 a209 	 1669 	 1030 	 0.796 	 21.979 	 0.0246 	 21.9423 	 0.0236 	 21.8047 	 0.0176 	 21.7919 	 0.0129 	 21.7732 	 0.0102 	 21.7741 	 0.0076 	 21.6005 	 0.0055 	 21.4672 	 0.0076 	 21.2009 	 0.007 	 21.1178 	 0.0038 	 20.9495 	 0.0069 	 21.0399 	 0.0044 	 20.888 	 0.0034 	 20.8317 	 0.0042 	 20.8329 	 0.0038 	 20.9415 	 0.0037 	
22.9796762 	 -13.6233252 	 a209 	 1671 	 1542 	 0.443 	 22.1943 	 0.0387 	 22.0056 	 0.0318 	 22.0209 	 0.0272 	 21.9446 	 0.0369 	 21.9231 	 0.0147 	 21.8102 	 0.0099 	 21.2709 	 0.0085 	 21.0833 	 0.0068 	 20.8963 	 0.0068 	 20.8851 	 0.004 	 20.7859 	 0.0076 	 20.7467 	 0.0042 	 20.7369 	 0.0036 	 20.7451 	 0.0048 	 20.6738 	 0.0041 	 20.6259 	 0.0035 	
22.9617579 	 -13.6240784 	 a209 	 1708 	 738 	 0.817 	 24.031 	 0.1427 	 25.2244 	 0.3545 	 24.3667 	 0.1672 	 24.1764 	 0.0838 	 24.1826 	 0.0739 	 24.3904 	 0.0692 	 23.962 	 0.0393 	 23.8291 	 0.0533 	 23.175 	 0.0356 	 23.3048 	 0.0238 	 22.9035 	 0.0345 	 22.8985 	 0.0192 	 22.8656 	 0.0159 	 22.776 	 0.0189 	 22.8096 	 0.0172 	 22.7868 	 0.0168 	
22.977817 	 -13.631259 	 a209 	 1905 	 883 	 0.745 	 25.6217 	 0.5244 	 -99.0 	 0.0 	 -99.0 	 0.0 	 26.585 	 0.9502 	 25.7501 	 0.3136 	 25.9151 	 0.283 	 24.2968 	 0.0569 	 23.8969 	 0.0619 	 22.7654 	 0.0262 	 22.6377 	 0.0134 	 22.2761 	 0.021 	 21.9312 	 0.0125 	 21.8051 	 0.0067 	 -99.0 	 0.0 	 -99.0 	 0.0 	 21.4067 	 0.0063 	
42.0155451 	 -3.5083252 	 a383 	 58 	 1137 	 0.295 	 23.5895 	 0.1201 	 23.2484 	 0.0843 	 23.2169 	 0.0718 	 22.8952 	 0.0382 	 22.8024 	 0.0219 	 22.3059 	 0.0119 	 21.7319 	 0.0058 	 21.6036 	 0.0074 	 21.4852 	 0.0079 	 21.4256 	 0.0044 	 21.277 	 0.0079 	 21.2887 	 0.0081 	 -99.0 	 0.0 	 21.1687 	 0.0055 	 21.1209 	 0.0063 	 21.0841 	 0.0064 	
42.0073316 	 -3.5091348 	 a383 	 81 	 910 	 0.293 	 24.271 	 0.2006 	 24.4285 	 0.2092 	 24.059 	 0.123 	 23.9335 	 0.0618 	 23.6667 	 0.0446 	 23.2154 	 0.0248 	 22.618 	 0.0117 	 22.462 	 0.0144 	 22.2521 	 0.0144 	 22.2225 	 0.0082 	 22.2362 	 0.0172 	 22.0675 	 0.0293 	 -99.0 	 0.0 	 22.0742 	 0.0157 	 -99.0 	 0.0 	 21.9279 	 0.0135 	
42.0062318 	 -3.5095192 	 a383 	 193 	 1355 	 0.291 	 21.8503 	 0.0271 	 21.7557 	 0.0215 	 21.6342 	 0.0193 	 21.5989 	 0.0109 	 21.4219 	 0.007 	 21.1148 	 0.0045 	 20.6085 	 0.0024 	 20.5008 	 0.003 	 20.4186 	 0.0033 	 20.3464 	 0.0018 	 20.2292 	 0.0033 	 20.2616 	 0.0035 	 20.2014 	 0.0022 	 -99.0 	 0.0 	 20.1182 	 0.0034 	 20.0808 	 0.0026 	
42.0037736 	 -3.5163133 	 a383 	 401 	 1623 	 0.444 	 24.1646 	 0.2408 	 23.941 	 0.1766 	 23.872 	 0.1397 	 23.5353 	 0.0599 	 23.6109 	 0.0579 	 23.1705 	 0.0328 	 22.4359 	 0.0138 	 22.1751 	 0.0153 	 21.6387 	 0.0113 	 21.6342 	 0.0066 	 21.5799 	 0.013 	 21.3481 	 0.0074 	 21.3032 	 0.0055 	 -99.0 	 0.0 	 21.1607 	 0.0061 	 21.0598 	 0.0053 	
42.011767 	 -3.5243639 	 a383 	 799 	 5470 	 0.579 	 22.3464 	 0.0863 	 22.066 	 0.0583 	 21.8393 	 0.0424 	 21.7193 	 0.035 	 21.5046 	 0.0152 	 21.2134 	 0.0097 	 20.4888 	 0.0041 	 20.2909 	 0.0049 	 19.7415 	 0.0036 	 19.6323 	 0.0019 	 19.4508 	 0.0033 	 19.1984 	 0.0019 	 19.1204 	 0.0015 	 19.0432 	 0.0018 	 18.9033 	 0.0015 	 18.7463 	 0.0012 	
42.019535 	 -3.5245579 	 a383 	 833 	 982 	 0.874 	 24.9414 	 0.3352 	 24.5874 	 0.2387 	 24.1591 	 0.1336 	 23.7164 	 0.0551 	 23.5912 	 0.0468 	 23.6494 	 0.0401 	 23.3035 	 0.0237 	 23.1675 	 0.03 	 22.4217 	 0.0182 	 22.3214 	 0.0098 	 22.0425 	 0.0156 	 21.9407 	 0.0094 	 21.8364 	 0.0065 	 21.7217 	 0.0085 	 21.6306 	 0.0068 	 21.5967 	 0.0064 	
42.0320374 	 -3.5268693 	 a383 	 946 	 1096 	 0.772 	 23.9638 	 0.1411 	 23.8813 	 0.129 	 23.3666 	 0.0707 	 23.1877 	 0.0358 	 23.2579 	 0.0339 	 23.096 	 0.0246 	 22.6481 	 0.0132 	 22.517 	 0.0171 	 21.8452 	 0.0115 	 21.7678 	 0.0062 	 21.6197 	 0.0117 	 21.4909 	 0.0086 	 -99.0 	 0.0 	 21.3212 	 0.0057 	 21.2893 	 0.0063 	 21.2366 	 0.0067 	
42.0050418 	 -3.5320189 	 a383 	 1274 	 4611 	 0.552 	 23.4139 	 0.2029 	 23.5757 	 0.2061 	 23.1161 	 0.1302 	 22.8434 	 0.0534 	 22.4957 	 0.034 	 22.0613 	 0.0193 	 21.1778 	 0.0071 	 20.9424 	 0.0081 	 20.2843 	 0.0053 	 20.2237 	 0.003 	 19.9484 	 0.0048 	 19.6215 	 0.0022 	 19.5166 	 0.0019 	 19.3901 	 0.0019 	 19.1918 	 0.0017 	 18.9699 	 0.0012 	
42.0098585 	 -3.5309663 	 a383 	 1319 	 3360 	 0.795 	 22.4929 	 0.0793 	 21.9168 	 0.043 	 21.8333 	 0.0484 	 21.7371 	 0.0198 	 21.6318 	 0.014 	 21.4792 	 0.0102 	 21.2785 	 0.0068 	 21.1449 	 0.0087 	 20.6469 	 0.0065 	 20.5869 	 0.0036 	 20.3256 	 0.0058 	 20.3263 	 0.004 	 20.2289 	 0.003 	 20.127 	 0.0036 	 20.0905 	 0.0031 	 20.1064 	 0.003 	
42.0058288 	 -3.5347495 	 a383 	 1366 	 1798 	 0.867 	 23.2927 	 0.1243 	 23.5432 	 0.1347 	 23.2633 	 0.0897 	 23.1952 	 0.0475 	 23.0759 	 0.037 	 23.1149 	 0.0325 	 22.788 	 0.0197 	 22.6089 	 0.0237 	 21.9494 	 0.0155 	 21.8698 	 0.0084 	 21.5503 	 0.013 	 21.5781 	 0.008 	 21.4847 	 0.0063 	 21.4012 	 0.0072 	 21.3306 	 0.0068 	 21.2987 	 0.006 	
41.9945596 	 -3.5350326 	 a383 	 1431 	 810 	 0.867 	 24.4245 	 0.2175 	 23.4097 	 0.0812 	 23.3494 	 0.0739 	 23.3168 	 0.0574 	 23.1877 	 0.0279 	 23.1183 	 0.0217 	 22.8105 	 0.0134 	 22.7104 	 0.0174 	 22.025 	 0.0114 	 21.959 	 0.0064 	 21.7622 	 0.0111 	 21.721 	 0.0103 	 -99.0 	 0.0 	 21.4815 	 0.0063 	 21.4091 	 0.007 	 21.3827 	 0.0073 	
42.0071553 	 -3.5359623 	 a383 	 1459 	 1477 	 0.441 	 23.2301 	 0.118 	 22.8678 	 0.0714 	 22.7222 	 0.0582 	 22.8033 	 0.0343 	 22.6434 	 0.0248 	 22.5026 	 0.0186 	 21.9149 	 0.0088 	 21.7815 	 0.0112 	 21.5287 	 0.0105 	 21.4675 	 0.0058 	 21.3399 	 0.0106 	 21.2788 	 0.0059 	 21.2456 	 0.0051 	 21.2159 	 0.006 	 21.1667 	 0.0057 	 21.0945 	 0.0048 	
42.0105336 	 -3.5411972 	 a383 	 1686 	 1414 	 0.398 	 22.6859 	 0.0581 	 22.7418 	 0.059 	 22.7339 	 0.0535 	 22.7469 	 0.0297 	 22.5991 	 0.0223 	 22.5561 	 0.0184 	 22.0647 	 0.0096 	 21.9324 	 0.0121 	 21.8336 	 0.0131 	 21.8152 	 0.0075 	 21.7324 	 0.0144 	 21.7969 	 0.0087 	 21.7942 	 0.0074 	 21.7911 	 0.0092 	 21.7626 	 0.0089 	 21.7765 	 0.0083 	
41.9972939 	 -3.5517128 	 a383 	 2280 	 1748 	 0.884 	 -99.0 	 0.0 	 -99.0 	 0.0 	 -99.0 	 0.0 	 -99.0 	 0.0 	 23.5702 	 0.0553 	 23.3019 	 0.0357 	 22.7024 	 0.0168 	 22.5911 	 0.0217 	 21.7148 	 0.012 	 21.5419 	 0.006 	 21.1959 	 0.0092 	 20.9677 	 0.0101 	 -99.0 	 0.0 	 20.6665 	 0.0077 	 -99.0 	 0.0 	 20.4144 	 0.0069 	
120.2278697 	 36.0638548 	 a611 	 499 	 34 	 0.872 	 99.0 	 27.7171 	 26.5926 	 0.2946 	 26.4612 	 0.2012 	 26.701 	 0.1629 	 26.8427 	 0.1982 	 26.2478 	 0.0849 	 25.8438 	 0.0477 	 -99.0 	 inf 	 25.0122 	 0.0377 	 24.8382 	 0.0216 	 24.5744 	 0.0322 	 24.442 	 0.0211 	 24.2747 	 0.0149 	 24.171 	 0.0183 	 24.0318 	 0.014 	 24.0169 	 0.0124 	
120.2279552 	 36.0641096 	 a611 	 500 	 1729 	 0.925 	 24.6553 	 0.4339 	 24.4449 	 0.3359 	 24.0492 	 0.1996 	 23.2522 	 0.0579 	 23.6502 	 0.0886 	 23.0932 	 0.0382 	 22.5557 	 0.0191 	 -99.0 	 inf 	 21.614 	 0.0143 	 21.4496 	 0.0079 	 21.0247 	 0.0107 	 20.7756 	 0.0051 	 20.5927 	 0.0036 	 20.4687 	 0.0042 	 20.31 	 0.0032 	 20.1958 	 0.0028 	
120.2245525 	 36.0530508 	 a611 	 1012 	 409 	 0.448 	 24.114 	 0.1518 	 -99.0 	 0.0 	 -99.0 	 0.0 	 23.4807 	 0.0817 	 23.4848 	 0.0414 	 23.3246 	 0.0267 	 22.9567 	 0.0143 	 -99.0 	 inf 	 22.4271 	 0.0155 	 22.4335 	 0.0101 	 22.4977 	 0.0209 	 22.4329 	 0.0114 	 22.4948 	 0.0095 	 22.5244 	 0.013 	 22.4777 	 0.0107 	 22.4065 	 0.0103 	
120.2262198 	 36.0507759 	 a611 	 1110 	 476 	 0.677 	 23.6091 	 0.1119 	 23.5309 	 0.0854 	 23.3898 	 0.0647 	 23.2453 	 0.0326 	 23.2025 	 0.0519 	 -99.0 	 0.0 	 22.6811 	 0.0126 	 -99.0 	 inf 	 22.0989 	 0.0217 	 22.0833 	 0.0097 	 21.9208 	 0.0159 	 21.8571 	 0.0078 	 21.8552 	 0.0061 	 21.7722 	 0.0077 	 21.7792 	 0.0066 	 21.7047 	 0.0061 	
120.2512175 	 36.0503845 	 a611 	 1131 	 249 	 0.669 	 24.2102 	 0.1253 	 24.079 	 0.1113 	 24.1832 	 0.0956 	 24.0378 	 0.0542 	 24.1489 	 0.0565 	 24.1172 	 0.0404 	 23.8242 	 0.0259 	 -99.0 	 inf 	 23.3995 	 0.0308 	 23.3438 	 0.0191 	 23.2361 	 0.0353 	 23.2405 	 0.019 	 23.2663 	 0.0149 	 23.2613 	 0.0205 	 23.2273 	 0.0169 	 23.1858 	 0.0168 	
120.2352417 	 36.0428355 	 a611 	 1486 	 1954 	 0.683 	 23.0645 	 0.1032 	 22.8588 	 0.0888 	 22.7669 	 0.0727 	 22.7138 	 0.0378 	 22.8013 	 0.0455 	 22.6692 	 0.0294 	 22.013 	 0.0127 	 -99.0 	 inf 	 21.3659 	 0.0128 	 21.2806 	 0.0075 	 21.1825 	 0.0142 	 20.9564 	 0.0059 	 20.9055 	 0.0044 	 20.8171 	 0.0056 	 20.7703 	 0.0045 	 20.6658 	 0.0042 	
52.4240484 	 -2.1771595 	 macs0329 	 75 	 804 	 0.745 	 24.7696 	 0.27 	 24.5195 	 0.223 	 23.8749 	 0.1052 	 23.8613 	 0.0643 	 23.4521 	 0.0438 	 23.5813 	 0.0378 	 22.9307 	 0.0169 	 22.8466 	 0.0239 	 22.1184 	 0.0144 	 22.0626 	 0.0081 	 21.8923 	 0.0154 	 21.6975 	 0.0083 	 21.618 	 0.0047 	 -99.0 	 0.0 	 21.4173 	 0.0068 	 21.2954 	 0.0054 	
52.4239247 	 -2.1772443 	 macs0329 	 76 	 529 	 0.697 	 24.6194 	 0.2103 	 24.0869 	 0.1334 	 23.9273 	 0.0875 	 24.1996 	 0.0689 	 23.7389 	 0.0511 	 23.7443 	 0.0376 	 23.2415 	 0.0194 	 23.1841 	 0.0278 	 22.5676 	 0.0185 	 22.5268 	 0.0107 	 22.329 	 0.0203 	 22.2523 	 0.0111 	 22.2203 	 0.0068 	 -99.0 	 0.0 	 22.0857 	 0.0096 	 21.9609 	 0.008 	
52.4302641 	 -2.1818221 	 macs0329 	 204 	 751 	 0.819 	 24.2281 	 0.1708 	 23.8125 	 0.127 	 23.5957 	 0.0888 	 23.5799 	 0.0487 	 23.5804 	 0.0573 	 23.6082 	 0.0389 	 23.1538 	 0.0207 	 23.199 	 0.0328 	 22.452 	 0.019 	 22.3727 	 0.0102 	 22.2204 	 0.0204 	 22.1223 	 0.0093 	 22.0753 	 0.007 	 21.9925 	 0.0093 	 21.9771 	 0.0074 	 21.9167 	 0.0072 	
64.0232652 	 -24.0716713 	 macs0416 	 900 	 161 	 0.676 	 24.8986 	 0.1455 	 24.8479 	 0.1202 	 24.4646 	 0.079 	 24.2553 	 0.0353 	 24.3353 	 0.0443 	 24.3542 	 0.0319 	 24.1534 	 0.0224 	 24.096 	 0.0324 	 23.7896 	 0.0288 	 23.8337 	 0.0161 	 23.7292 	 0.0331 	 23.7547 	 0.0206 	 23.8483 	 0.0167 	 23.7551 	 0.0204 	 23.7958 	 0.0186 	 23.754 	 0.0169 	
64.0233029 	 -24.0714233 	 macs0416 	 902 	 1683 	 0.691 	 23.1223 	 0.0889 	 22.8987 	 0.0758 	 22.7815 	 0.0655 	 22.8286 	 0.0342 	 22.8182 	 0.037 	 22.6697 	 0.0228 	 22.3304 	 0.014 	 22.1447 	 0.0178 	 21.5891 	 0.0128 	 21.5823 	 0.007 	 21.4815 	 0.0144 	 21.3988 	 0.0079 	 21.3789 	 0.0059 	 21.3231 	 0.0072 	 21.2959 	 0.0063 	 21.243 	 0.0057 	
64.050302 	 -24.0726781 	 macs0416 	 987 	 1131 	 0.669 	 23.6088 	 0.1448 	 23.361 	 0.1016 	 22.9499 	 0.0624 	 23.1407 	 0.0465 	 23.0104 	 0.0364 	 22.9713 	 0.0242 	 22.4166 	 0.0124 	 22.2564 	 0.0163 	 21.847 	 0.0132 	 21.7804 	 0.0069 	 21.645 	 0.0137 	 21.4667 	 0.0074 	 21.4329 	 0.0055 	 21.358 	 0.0067 	 21.2928 	 0.0057 	 21.1872 	 0.0048 	
64.0155741 	 -24.0769241 	 macs0416 	 1250 	 951 	 0.883 	 23.9774 	 0.1524 	 23.3521 	 0.0876 	 23.1382 	 0.067 	 22.9359 	 0.0298 	 22.9767 	 0.028 	 23.003 	 0.0222 	 22.7981 	 0.0171 	 22.7851 	 0.024 	 22.1918 	 0.0171 	 22.1784 	 0.0096 	 21.9938 	 0.0178 	 21.9492 	 0.0105 	 21.8818 	 0.0075 	 21.8166 	 0.0091 	 21.7989 	 0.008 	 21.8176 	 0.0078 	
64.0264831 	 -24.0808828 	 macs0416 	 1457 	 3537 	 0.668 	 23.7579 	 0.2178 	 23.2445 	 0.1522 	 22.9858 	 0.0994 	 23.1408 	 0.0682 	 23.0396 	 0.0576 	 22.6868 	 0.0307 	 21.8192 	 0.0123 	 21.6123 	 0.0149 	 20.7819 	 0.0085 	 20.6908 	 0.0043 	 20.4894 	 0.008 	 20.2468 	 0.0041 	 20.168 	 0.0029 	 20.0429 	 0.0035 	 19.9468 	 0.0029 	 19.7828 	 0.0023 	
67.3892484 	 -2.8741166 	 macs0429 	 422 	 1869 	 0.775 	 22.7168 	 0.0903 	 22.8171 	 0.0877 	 22.8959 	 0.0808 	 22.8081 	 0.0421 	 22.7074 	 0.0373 	 22.6005 	 0.0267 	 21.9276 	 0.0107 	 21.6835 	 0.014 	 20.7924 	 0.0068 	 20.7149 	 0.0036 	 20.4502 	 0.0063 	 20.2675 	 0.0031 	 20.1873 	 0.0024 	 20.0829 	 0.0031 	 19.9987 	 0.0024 	 19.8684 	 0.002 	
67.3791676 	 -2.8776862 	 macs0429 	 723 	 1039 	 0.741 	 24.606 	 0.331 	 -99.0 	 0.0 	 -99.0 	 0.0 	 -99.0 	 0.0 	 23.0107 	 0.0372 	 22.9326 	 0.0265 	 22.3911 	 0.0117 	 22.2937 	 0.017 	 21.6342 	 0.0103 	 21.5898 	 0.0055 	 21.3885 	 0.0102 	 21.254 	 0.0078 	 21.1155 	 0.0038 	 -99.0 	 0.0 	 20.9165 	 0.0061 	 20.8741 	 0.005 	
67.4059862 	 -2.8810035 	 macs0429 	 785 	 3849 	 0.567 	 22.6458 	 0.1054 	 22.3587 	 0.0788 	 22.1563 	 0.062 	 22.3266 	 0.0403 	 22.2101 	 0.0374 	 21.8059 	 0.02 	 20.9707 	 0.0068 	 20.7658 	 0.009 	 20.1903 	 0.0061 	 20.1237 	 0.0031 	 19.9009 	 0.0055 	 19.6942 	 0.0025 	 19.6169 	 0.0019 	 19.5346 	 0.0025 	 19.393 	 0.0019 	 19.237 	 0.0015 	
67.4163731 	 -2.8827543 	 macs0429 	 908 	 53 	 0.56 	 25.476 	 0.1447 	 25.3918 	 0.157 	 25.3086 	 0.1056 	 25.4104 	 0.067 	 25.2 	 0.0573 	 25.3587 	 0.0531 	 25.0112 	 0.028 	 24.8965 	 0.039 	 24.5923 	 0.0369 	 24.6701 	 0.0231 	 24.8377 	 0.0589 	 24.7195 	 0.0267 	 24.8592 	 0.0236 	 24.9421 	 0.036 	 24.884 	 0.0291 	 24.8273 	 0.0272 	
67.4165476 	 -2.8828117 	 macs0429 	 909 	 677 	 0.624 	 23.8361 	 0.132 	 23.977 	 0.148 	 24.4703 	 0.1987 	 23.9562 	 0.0752 	 24.0238 	 0.0808 	 24.0957 	 0.0685 	 23.4735 	 0.0276 	 23.3448 	 0.0404 	 22.8439 	 0.0294 	 22.8056 	 0.0156 	 22.7679 	 0.0339 	 22.6332 	 0.0165 	 22.5807 	 0.0113 	 22.6714 	 0.0235 	 22.486 	 0.0131 	 22.4408 	 0.0125 	
67.4003207 	 -2.8846697 	 macs0429 	 1196 	 1742 	 0.644 	 21.4303 	 0.025 	 21.7788 	 0.0319 	 21.6668 	 0.0266 	 21.5694 	 0.0121 	 21.6132 	 0.0139 	 21.1915 	 0.0072 	 20.5094 	 0.0028 	 20.328 	 0.0038 	 20.0328 	 0.0033 	 19.9419 	 0.0017 	 19.689 	 0.0028 	 19.566 	 0.0016 	 19.4482 	 0.0013 	 19.3599 	 0.0017 	 19.1981 	 0.0013 	 19.054 	 0.001 	
109.3851207 	 37.732394 	 macs0717 	 2156 	 2002 	 0.981 	 23.1247 	 0.1404 	 22.7192 	 0.0823 	 22.5543 	 0.0573 	 22.6337 	 0.0383 	 22.6242 	 0.0366 	 22.4327 	 0.0228 	 22.1647 	 0.0145 	 22.0772 	 0.0195 	 21.5299 	 0.0148 	 21.4571 	 0.0058 	 21.1924 	 0.0125 	 20.9633 	 0.0062 	 20.9053 	 0.0043 	 20.9426 	 0.007 	 20.7975 	 0.0048 	 20.717 	 0.0043 	
116.2133963 	 39.4407752 	 macs0744 	 2380 	 109 	 0.828 	 24.8616 	 0.1324 	 24.7085 	 0.0908 	 24.322 	 0.0631 	 24.5009 	 0.0403 	 24.4236 	 0.0377 	 24.3548 	 0.026 	 24.3228 	 0.0207 	 -99.0 	 inf 	 23.9012 	 0.0247 	 23.9496 	 0.012 	 23.7472 	 0.0262 	 23.6523 	 0.0156 	 23.6371 	 0.0114 	 23.6425 	 0.018 	 23.6399 	 0.0135 	 23.6617 	 0.0139 	
168.969298 	 1.5193005 	 macs1115 	 26 	 5203 	 0.59 	 23.1554 	 0.1513 	 23.1472 	 0.1474 	 22.8862 	 0.1123 	 22.5886 	 0.0485 	 22.2651 	 0.0379 	 22.1147 	 0.0264 	 21.0397 	 0.0079 	 20.795 	 0.0104 	 20.0682 	 0.0061 	 19.9858 	 0.0032 	 19.6776 	 0.0054 	 19.4077 	 0.0031 	 19.2615 	 0.0014 	 -99.0 	 0.0 	 19.0237 	 0.0022 	 18.8281 	 0.0018 	
168.9800231 	 1.5065871 	 macs1115 	 497 	 753 	 0.872 	 24.389 	 0.2471 	 24.1344 	 0.1602 	 23.7797 	 0.1016 	 23.7409 	 0.0998 	 23.6756 	 0.0611 	 23.5563 	 0.0442 	 23.2062 	 0.0244 	 23.175 	 0.0383 	 22.4601 	 0.0227 	 22.4405 	 0.0125 	 22.1898 	 0.0209 	 22.083 	 0.0105 	 21.903 	 0.0069 	 21.9046 	 0.01 	 21.8845 	 0.0089 	 21.8595 	 0.0076 	
168.9468549 	 1.5064164 	 macs1115 	 511 	 531 	 0.8 	 24.5034 	 0.1763 	 24.9753 	 0.2479 	 24.3058 	 0.1335 	 23.9868 	 0.0564 	 23.983 	 0.0543 	 23.8142 	 0.0393 	 23.6138 	 0.0278 	 23.6164 	 0.0435 	 22.9202 	 0.0273 	 22.9651 	 0.016 	 22.7137 	 0.0271 	 22.7065 	 0.0206 	 -99.0 	 0.0 	 22.5828 	 0.0145 	 22.5379 	 0.0187 	 22.5886 	 0.0155 	
168.9585957 	 1.5027262 	 macs1115 	 693 	 938 	 0.83 	 24.7058 	 0.3051 	 25.0623 	 0.3813 	 24.5474 	 0.2337 	 24.3009 	 0.1228 	 24.9965 	 0.2058 	 24.9162 	 0.1596 	 23.8682 	 0.051 	 23.6526 	 0.0655 	 22.734 	 0.0329 	 22.7129 	 0.0179 	 22.3522 	 0.0272 	 22.1273 	 0.0126 	 21.8757 	 0.0079 	 21.8603 	 0.011 	 21.7014 	 0.0088 	 21.5865 	 0.0069 	
168.9754797 	 1.4896958 	 macs1115 	 1298 	 3353 	 0.699 	 23.3031 	 0.1861 	 23.2335 	 0.1434 	 22.8862 	 0.0908 	 22.8764 	 0.0762 	 22.6341 	 0.0455 	 22.5399 	 0.0323 	 21.8708 	 0.0146 	 21.6267 	 0.0182 	 20.9837 	 0.0114 	 20.9106 	 0.006 	 20.6904 	 0.0102 	 20.5098 	 0.0053 	 20.3821 	 0.0039 	 20.3309 	 0.0051 	 20.2473 	 0.0044 	 20.1285 	 0.0033 	
177.4088308 	 22.4136878 	 macs1149 	 296 	 27 	 0.773 	 26.7401 	 0.256 	 28.0143 	 0.6176 	 26.9092 	 0.2139 	 26.711 	 0.1143 	 26.5613 	 0.1034 	 26.584 	 0.0872 	 26.4231 	 0.0584 	 26.3609 	 0.0821 	 25.5621 	 0.0497 	 25.5645 	 0.023 	 25.4008 	 0.0539 	 25.393 	 0.0328 	 25.4371 	 0.0276 	 25.3294 	 0.0358 	 25.39 	 0.0322 	 25.3307 	 0.0295 	
177.3934201 	 22.4125843 	 macs1149 	 352 	 1856 	 0.967 	 23.9222 	 0.1479 	 23.0601 	 0.0722 	 23.2757 	 0.0706 	 23.2624 	 0.0421 	 23.2968 	 0.0481 	 23.2388 	 0.0372 	 22.6598 	 0.0174 	 22.4389 	 0.0214 	 21.6196 	 0.012 	 21.4803 	 0.0047 	 21.0801 	 0.0094 	 20.8117 	 0.0043 	 20.6482 	 0.003 	 20.5159 	 0.0038 	 20.3568 	 0.0028 	 20.2329 	 0.0024 	
177.4016451 	 22.4092954 	 macs1149 	 504 	 89 	 0.686 	 25.7185 	 0.1755 	 25.8698 	 0.1881 	 25.8157 	 0.1465 	 25.3207 	 0.0579 	 25.659 	 0.0893 	 25.6249 	 0.0667 	 25.386 	 0.0443 	 25.1689 	 0.0515 	 24.8975 	 0.0482 	 24.8789 	 0.0287 	 24.8091 	 0.0556 	 24.7487 	 0.0313 	 24.9 	 0.0289 	 24.6732 	 0.0342 	 24.7981 	 0.0316 	 24.7305 	 0.0297 	
177.402666 	 22.4080085 	 macs1149 	 577 	 1574 	 0.792 	 23.1032 	 0.0905 	 23.3811 	 0.1057 	 22.6043 	 0.0483 	 22.5849 	 0.0274 	 22.5127 	 0.0236 	 22.3714 	 0.0169 	 22.0626 	 0.01 	 21.9373 	 0.0132 	 21.2684 	 0.0083 	 21.2463 	 0.0037 	 21.0346 	 0.0084 	 20.9629 	 0.0049 	 20.8573 	 0.0037 	 20.7708 	 0.0048 	 20.7185 	 0.0039 	 20.6761 	 0.0036 	
177.4063236 	 22.4065691 	 macs1149 	 689 	 999 	 0.674 	 24.9946 	 0.3476 	 23.7655 	 0.1136 	 23.8828 	 0.1016 	 23.7978 	 0.0563 	 23.9816 	 0.0728 	 23.899 	 0.073 	 23.2888 	 0.0251 	 23.1516 	 0.0328 	 22.7136 	 0.0257 	 22.6216 	 0.0109 	 22.4999 	 0.0297 	 22.4043 	 0.0147 	 22.4337 	 0.0118 	 22.3474 	 0.0159 	 22.341 	 0.0135 	 22.2798 	 0.0127 	
177.4199105 	 22.4067125 	 macs1149 	 693 	 278 	 0.666 	 25.3939 	 0.2486 	 26.7441 	 0.6381 	 25.7176 	 0.2398 	 26.1697 	 0.2157 	 25.5532 	 0.1338 	 25.2964 	 0.0875 	 24.6397 	 0.0392 	 24.2925 	 0.0425 	 23.7693 	 0.0317 	 23.6622 	 0.0133 	 23.495 	 0.0321 	 23.3055 	 0.0227 	 23.271 	 0.0127 	 -99.0 	 0.0 	 23.0937 	 0.0203 	 23.0117 	 0.0168 	
177.4196589 	 22.4066887 	 macs1149 	 694 	 225 	 0.912 	 25.1728 	 0.1839 	 25.2941 	 0.1846 	 24.8832 	 0.1048 	 25.0368 	 0.0735 	 24.9684 	 0.0704 	 25.0687 	 0.0629 	 24.8551 	 0.0417 	 24.7689 	 0.0573 	 24.1115 	 0.038 	 24.0091 	 0.0161 	 23.8859 	 0.0399 	 23.7409 	 0.0292 	 23.7014 	 0.0162 	 -99.0 	 0.0 	 23.5826 	 0.0277 	 23.5648 	 0.0242 	
177.4195295 	 22.4066512 	 macs1149 	 695 	 69 	 0.874 	 28.161 	 1.0667 	 26.1713 	 0.2353 	 25.2936 	 0.0909 	 25.5942 	 0.0717 	 25.5194 	 0.0695 	 25.4361 	 0.0515 	 25.4394 	 0.0419 	 25.4233 	 0.0606 	 25.0232 	 0.0508 	 24.9893 	 0.0228 	 24.8082 	 0.0536 	 24.8516 	 0.0476 	 24.7955 	 0.0258 	 -99.0 	 0.0 	 24.7775 	 0.0484 	 25.0805 	 0.0557 	
177.4190154 	 22.4043576 	 macs1149 	 825 	 1748 	 0.709 	 24.5924 	 0.3036 	 24.2905 	 0.2162 	 24.5295 	 0.2142 	 24.1363 	 0.0928 	 24.2821 	 0.1111 	 23.7847 	 0.0583 	 22.9873 	 0.0227 	 22.7897 	 0.0281 	 21.8256 	 0.0141 	 21.8066 	 0.0064 	 21.5609 	 0.0144 	 21.2637 	 0.0093 	 21.1491 	 0.0049 	 -99.0 	 0.0 	 20.8673 	 0.0072 	 20.7006 	 0.0053 	
177.3778685 	 22.4027889 	 macs1149 	 920 	 500 	 0.851 	 24.3263 	 0.1072 	 23.922 	 0.0773 	 23.7926 	 0.0556 	 23.8108 	 0.0347 	 23.9105 	 0.0404 	 23.8022 	 0.0295 	 23.4737 	 0.0179 	 23.4009 	 0.0254 	 22.7913 	 0.0177 	 22.664 	 0.007 	 22.5225 	 0.0176 	 -99.0 	 0.0 	 -99.0 	 0.0 	 22.2533 	 0.012 	 -99.0 	 0.0 	 22.1837 	 0.0164 	
177.3776512 	 22.4031687 	 macs1149 	 921 	 720 	 0.659 	 24.6633 	 0.1714 	 24.58 	 0.1631 	 24.1164 	 0.089 	 24.4677 	 0.074 	 24.4124 	 0.0749 	 24.1008 	 0.0459 	 23.2772 	 0.0179 	 23.044 	 0.0219 	 22.5549 	 0.017 	 22.448 	 0.0069 	 22.2148 	 0.016 	 -99.0 	 0.0 	 -99.0 	 0.0 	 21.7055 	 0.0088 	 -99.0 	 0.0 	 21.3496 	 0.0093 	
177.3952512 	 22.3900933 	 macs1149 	 1718 	 499 	 0.984 	 24.6946 	 0.1794 	 24.5367 	 0.1421 	 24.2576 	 0.0922 	 24.3563 	 0.0602 	 24.2484 	 0.056 	 24.4603 	 0.0566 	 24.2512 	 0.0382 	 24.1263 	 0.0502 	 23.4262 	 0.032 	 23.3741 	 0.0143 	 22.9936 	 0.0275 	 22.9092 	 0.0155 	 22.8454 	 0.0119 	 22.7925 	 0.0164 	 22.6821 	 0.0123 	 22.6574 	 0.012 	
177.4025171 	 22.3796043 	 macs1149 	 2186 	 390 	 0.986 	 25.7071 	 0.333 	 99.0 	 26.9316 	 24.6577 	 0.1048 	 25.3697 	 0.1169 	 25.2193 	 0.1093 	 24.9198 	 0.0697 	 24.1619 	 0.0284 	 24.0706 	 0.0385 	 23.3953 	 0.0251 	 23.3134 	 0.0112 	 22.9393 	 0.0205 	 22.6315 	 0.0103 	 22.511 	 0.008 	 22.328 	 0.0139 	 22.1883 	 0.0069 	 22.0074 	 0.0062 	
177.4052062 	 22.4193857 	 macs1149 	 48 	 169 	 0.901 	 25.5063 	 0.2032 	 24.7856 	 0.1047 	 24.6415 	 0.0736 	 24.6317 	 0.0443 	 24.7329 	 0.0512 	 24.696 	 0.0409 	 24.6658 	 0.0316 	 24.5563 	 0.0427 	 23.9859 	 0.0307 	 23.9215 	 0.0131 	 23.8437 	 0.035 	 -99.0 	 0.0 	 -99.0 	 0.0 	 23.8482 	 0.0453 	 -99.0 	 0.0 	 23.9671 	 0.0506 	
177.3998276 	 22.3972583 	 macs1149 	 1019 	 3106 	 0.857 	 23.6103 	 0.1548 	 23.3812 	 0.1157 	 22.3203 	 0.0371 	 22.1951 	 0.0196 	 22.4941 	 0.0274 	 22.2025 	 0.0173 	 21.5151 	 0.0074 	 21.2931 	 0.0089 	 20.6071 	 0.0056 	 20.4882 	 0.0024 	 20.1891 	 0.0047 	 19.929 	 0.0025 	 19.8148 	 0.002 	 19.7015 	 0.0024 	 19.5371 	 0.0018 	 19.3795 	 0.0015 	
181.5445651 	 -8.7875881 	 macs1206 	 253 	 5054 	 0.89 	 23.1619 	 0.2164 	 24.0829 	 0.4075 	 23.3874 	 0.195 	 23.1473 	 0.0915 	 22.723 	 0.061 	 22.5464 	 0.0421 	 22.0215 	 0.017 	 21.8011 	 0.023 	 20.8752 	 0.0119 	 20.705 	 0.0062 	 20.3303 	 0.009 	 20.0568 	 0.0041 	 19.8527 	 0.0028 	 19.7086 	 0.0034 	 19.5755 	 0.0027 	 19.482 	 0.0024 	
181.5387997 	 -8.791041 	 macs1206 	 449 	 2272 	 0.707 	 23.3497 	 0.1823 	 23.3478 	 0.148 	 23.0386 	 0.1602 	 23.1291 	 0.084 	 22.8039 	 0.0423 	 22.9436 	 0.0378 	 22.3104 	 0.0152 	 22.0129 	 0.0177 	 21.4163 	 0.0121 	 21.3451 	 0.0071 	 21.1789 	 0.0125 	 21.0246 	 0.0064 	 20.9536 	 0.0049 	 20.8503 	 0.0061 	 20.7744 	 0.005 	 20.6665 	 0.0044 	
181.5438726 	 -8.7941736 	 macs1206 	 662 	 3488 	 0.784 	 23.0106 	 0.1556 	 22.6746 	 0.1028 	 22.5956 	 0.081 	 22.463 	 0.0424 	 22.4845 	 0.0408 	 22.327 	 0.0283 	 21.8345 	 0.0115 	 21.6536 	 0.0168 	 20.9994 	 0.0107 	 20.9114 	 0.0061 	 20.7135 	 0.0105 	 20.5409 	 0.0052 	 20.4563 	 0.0039 	 20.3656 	 0.0049 	 20.2749 	 0.0039 	 20.1467 	 0.0035 	
181.5472247 	 -8.7950905 	 macs1206 	 696 	 102 	 0.747 	 26.0936 	 0.3511 	 25.0321 	 0.1423 	 24.6641 	 0.0768 	 24.4832 	 0.0378 	 24.2855 	 0.0573 	 24.1586 	 0.0615 	 23.9034 	 0.0168 	 23.7451 	 0.0233 	 23.2958 	 0.0178 	 23.127 	 0.0118 	 22.9565 	 0.018 	 22.8198 	 0.0079 	 22.6933 	 0.0065 	 22.6095 	 0.0078 	 22.5584 	 0.0064 	 22.5282 	 0.0054 	
181.5467983 	 -8.7956717 	 macs1206 	 698 	 18 	 0.73 	 27.0984 	 0.417 	 26.969 	 0.3101 	 26.0953 	 0.1433 	 25.817 	 0.0541 	 25.9429 	 0.0681 	 25.8281 	 0.0473 	 25.3538 	 0.0216 	 25.2425 	 0.0306 	 24.7667 	 0.0253 	 24.6563 	 0.0153 	 24.4851 	 0.0237 	 24.4307 	 0.0151 	 24.2965 	 0.013 	 24.1724 	 0.0149 	 24.0964 	 0.0118 	 24.0533 	 0.0097 	
181.5448648 	 -8.8021261 	 macs1206 	 944 	 533 	 0.972 	 25.087 	 0.3766 	 24.996 	 0.3042 	 24.6193 	 0.1675 	 24.2131 	 0.0864 	 24.4036 	 0.0941 	 24.0278 	 0.0517 	 23.2035 	 0.0158 	 22.9884 	 0.0227 	 22.1271 	 0.0116 	 21.9349 	 0.006 	 21.5359 	 0.0085 	 21.1837 	 0.0038 	 20.9176 	 0.0028 	 20.7208 	 0.0032 	 20.5467 	 0.0024 	 20.4077 	 0.0018 	
181.5450873 	 -8.8026991 	 macs1206 	 945 	 1523 	 0.998 	 23.4303 	 0.1546 	 23.0687 	 0.0944 	 22.7349 	 0.0613 	 22.7024 	 0.0319 	 22.6694 	 0.0408 	 22.3824 	 0.0276 	 22.0614 	 0.0185 	 21.9989 	 0.0199 	 21.1744 	 0.012 	 21.0993 	 0.0052 	 20.7147 	 0.0087 	 20.5552 	 0.0035 	 20.3521 	 0.0026 	 20.2062 	 0.003 	 20.0553 	 0.0023 	 19.9463 	 0.0019 	
181.5293785 	 -8.799004 	 macs1206 	 998 	 426 	 0.743 	 25.3535 	 0.475 	 24.965 	 0.2708 	 24.4565 	 0.1508 	 24.4834 	 0.0875 	 24.3209 	 0.071 	 24.2233 	 0.0544 	 24.0584 	 0.0306 	 24.007 	 0.0495 	 23.6335 	 0.0404 	 23.388 	 0.0216 	 23.3311 	 0.0393 	 23.2576 	 0.0296 	 23.1937 	 0.0165 	 23.4153 	 0.0454 	 23.1771 	 0.0262 	 23.1396 	 0.0214 	
181.5447409 	 -8.8005956 	 macs1206 	 1068 	 440 	 0.946 	 99.0 	 26.2401 	 24.9582 	 0.2569 	 23.9671 	 0.086 	 24.0138 	 0.0522 	 23.9673 	 0.0544 	 23.7179 	 0.0329 	 23.1689 	 0.0137 	 22.9505 	 0.0181 	 22.2532 	 0.011 	 22.0448 	 0.0058 	 21.6835 	 0.0086 	 21.4268 	 0.0043 	 21.2191 	 0.0034 	 21.0776 	 0.0039 	 20.9347 	 0.003 	 20.8166 	 0.0023 	
181.5670899 	 -8.8035852 	 macs1206 	 1289 	 626 	 0.838 	 25.4367 	 0.4254 	 24.3692 	 0.1823 	 23.7354 	 0.087 	 23.6431 	 0.0448 	 23.7329 	 0.0485 	 23.5888 	 0.0358 	 23.3466 	 0.0182 	 23.2184 	 0.0285 	 22.5718 	 0.0186 	 22.4628 	 0.0107 	 22.2699 	 0.018 	 22.2576 	 0.0096 	 22.1438 	 0.0069 	 22.077 	 0.0093 	 22.0334 	 0.0076 	 21.9961 	 0.0072 	
181.5714741 	 -8.8071942 	 macs1206 	 1452 	 2072 	 0.988 	 23.9836 	 0.226 	 99.0 	 25.5704 	 99.0 	 25.8006 	 24.5116 	 0.1789 	 23.949 	 0.1025 	 23.7379 	 0.0725 	 22.8997 	 0.0219 	 22.7766 	 0.0328 	 21.7628 	 0.0162 	 21.6086 	 0.0086 	 21.0875 	 0.0112 	 20.5925 	 0.0059 	 -99.0 	 0.0 	 20.3502 	 0.0035 	 20.097 	 0.0035 	 20.0178 	 0.0031 	
181.5547664 	 -8.8075551 	 macs1206 	 1461 	 6330 	 0.549 	 22.4477 	 0.1126 	 21.8195 	 0.0679 	 21.8224 	 0.0641 	 21.7843 	 0.0306 	 21.5422 	 0.0254 	 21.3472 	 0.0175 	 20.5302 	 0.0054 	 20.2408 	 0.0069 	 19.857 	 0.0056 	 19.7483 	 0.003 	 19.5473 	 0.0053 	 19.3397 	 0.0024 	 19.2206 	 0.0017 	 19.1045 	 0.0022 	 18.915 	 0.0016 	 18.7517 	 0.0013 	
181.5583711 	 -8.8092804 	 macs1206 	 1609 	 755 	 0.664 	 23.3378 	 0.09 	 23.4556 	 0.0997 	 23.2546 	 0.0707 	 23.3589 	 0.046 	 23.4028 	 0.046 	 23.225 	 0.0339 	 22.8152 	 0.0516 	 22.6043 	 0.02 	 22.0882 	 0.015 	 22.1103 	 0.0092 	 22.0479 	 0.0178 	 21.9667 	 0.0091 	 21.9254 	 0.0069 	 21.8983 	 0.0094 	 21.8928 	 0.008 	 21.7749 	 0.0072 	
181.5610201 	 -8.8108251 	 macs1206 	 1703 	 2657 	 0.747 	 23.8725 	 0.2504 	 25.8782 	 1.0255 	 23.6132 	 0.1697 	 23.2331 	 0.0708 	 23.0177 	 0.0581 	 22.8948 	 0.0434 	 21.9061 	 0.0143 	 21.5378 	 0.0139 	 20.5042 	 0.0064 	 20.3372 	 0.0033 	 19.9123 	 0.0047 	 19.6664 	 0.0021 	 19.5353 	 0.0016 	 19.4192 	 0.002 	 19.289 	 0.0015 	 19.1302 	 0.0012 	
181.550351 	 -8.8129115 	 macs1206 	 1837 	 1337 	 0.994 	 25.5448 	 0.6943 	 23.7995 	 0.1756 	 23.5626 	 0.1167 	 23.5263 	 0.0655 	 23.6965 	 0.0871 	 23.4974 	 0.0591 	 23.2713 	 0.0304 	 22.9231 	 0.0379 	 22.3784 	 0.0267 	 22.3612 	 0.016 	 21.9731 	 0.0233 	 21.8416 	 0.0104 	 21.7266 	 0.0073 	 21.5886 	 0.0092 	 21.5387 	 0.0075 	 21.4389 	 0.007 	
181.5508636 	 -8.8129634 	 macs1206 	 1838 	 199 	 0.676 	 25.8389 	 0.358 	 24.6857 	 0.1524 	 24.317 	 0.0819 	 24.27 	 0.0439 	 24.2991 	 0.0511 	 24.2045 	 0.0378 	 24.1302 	 0.0222 	 24.015 	 0.0362 	 23.783 	 0.0325 	 23.796 	 0.0194 	 23.7034 	 0.0395 	 23.6739 	 0.0195 	 23.6203 	 0.0146 	 23.6132 	 0.0205 	 23.5945 	 0.017 	 23.6402 	 0.0179 	
197.7692444 	 -3.1627445 	 macs1311 	 232 	 4435 	 0.601 	 23.4395 	 0.2744 	 23.353 	 0.1779 	 24.368 	 0.3623 	 23.7825 	 0.145 	 23.5436 	 0.1117 	 23.1102 	 0.0632 	 21.7856 	 0.0142 	 21.4236 	 0.0164 	 20.4653 	 0.0079 	 20.3593 	 0.004 	 20.046 	 0.0064 	 19.7699 	 0.0029 	 19.6418 	 0.0022 	 19.4913 	 0.0028 	 19.3359 	 0.0019 	 19.1868 	 0.0017 	
197.7481148 	 -3.1653178 	 macs1311 	 403 	 45 	 0.698 	 25.4064 	 0.1243 	 25.255 	 0.1229 	 25.4234 	 0.1815 	 25.2255 	 0.0411 	 25.2815 	 0.0611 	 25.3852 	 0.0472 	 25.2628 	 0.0317 	 25.2145 	 0.0488 	 25.0984 	 0.0495 	 25.0537 	 0.0287 	 25.0564 	 0.0588 	 25.2398 	 0.0398 	 25.2528 	 0.0338 	 25.1387 	 0.0441 	 25.2633 	 0.0383 	 25.1877 	 0.0361 	
197.7481502 	 -3.1654585 	 macs1311 	 404 	 535 	 0.682 	 23.6194 	 0.0982 	 23.7416 	 0.1015 	 23.657 	 0.082 	 23.6035 	 0.0389 	 23.6528 	 0.0467 	 23.5545 	 0.0346 	 23.3744 	 0.0221 	 23.204 	 0.0308 	 22.9183 	 0.0265 	 22.9188 	 0.0153 	 22.7689 	 0.0292 	 22.8841 	 0.0169 	 22.9445 	 0.0145 	 22.844 	 0.0193 	 22.9466 	 0.0164 	 22.9022 	 0.0168 	
197.7657293 	 -3.1699561 	 macs1311 	 595 	 634 	 0.796 	 23.6086 	 0.1167 	 23.4489 	 0.0873 	 23.3088 	 0.0671 	 23.3939 	 0.0868 	 23.2974 	 0.0332 	 23.2579 	 0.0271 	 23.0182 	 0.0173 	 22.9796 	 0.0257 	 22.4523 	 0.0186 	 22.3772 	 0.0102 	 22.2698 	 0.0207 	 22.2237 	 0.0104 	 22.1625 	 0.0082 	 22.1265 	 0.0114 	 22.1346 	 0.0089 	 22.1473 	 0.0094 	
197.7552764 	 -3.1725209 	 macs1311 	 642 	 5809 	 0.913 	 23.0517 	 0.1842 	 23.3173 	 0.2044 	 22.1081 	 0.0834 	 23.163 	 0.1108 	 22.3356 	 0.1897 	 22.3468 	 0.0548 	 21.8106 	 0.0205 	 21.5768 	 0.0323 	 20.7284 	 0.0157 	 20.5789 	 0.0096 	 20.0912 	 0.0097 	 19.8417 	 0.0033 	 19.6882 	 0.0024 	 19.5577 	 0.0031 	 19.3977 	 0.0021 	 19.2529 	 0.0019 	
197.7661255 	 -3.1714128 	 macs1311 	 698 	 794 	 0.754 	 23.57 	 0.1222 	 23.7886 	 0.1238 	 23.5706 	 0.0949 	 23.5801 	 0.0556 	 23.387 	 0.0402 	 23.2924 	 0.0309 	 23.0627 	 0.0198 	 23.0106 	 0.0309 	 22.4195 	 0.0211 	 22.4015 	 0.0114 	 22.2676 	 0.0224 	 22.2106 	 0.0111 	 22.1313 	 0.0086 	 22.0902 	 0.0118 	 22.0305 	 0.0088 	 22.0449 	 0.0093 	
197.7614329 	 -3.1736103 	 macs1311 	 760 	 10282 	 0.63 	 21.0524 	 0.0417 	 21.0703 	 0.0374 	 20.5756 	 0.0242 	 20.3447 	 0.0108 	 20.1459 	 0.0075 	 20.0008 	 0.0054 	 19.6791 	 0.0031 	 19.5152 	 0.0043 	 18.9892 	 0.003 	 18.9945 	 0.0017 	 18.6523 	 0.0027 	 18.4331 	 0.0013 	 18.3479 	 0.0011 	 18.2602 	 0.0014 	 18.0879 	 0.0009 	 17.8845 	 0.0008 	
197.7501354 	 -3.1756033 	 macs1311 	 914 	 537 	 0.84 	 24.5267 	 0.2081 	 24.3154 	 0.1781 	 24.1014 	 0.2658 	 24.2125 	 0.075 	 24.589 	 0.1148 	 24.0874 	 0.0603 	 23.9892 	 0.0397 	 24.0424 	 0.067 	 23.5494 	 0.0488 	 23.4302 	 0.0242 	 23.3141 	 0.0477 	 23.2586 	 0.0231 	 23.2011 	 0.0179 	 23.0846 	 0.0233 	 23.1071 	 0.0187 	 23.1564 	 0.0207 	
197.740331 	 -3.1778256 	 macs1311 	 1088 	 596 	 0.982 	 24.4539 	 0.2313 	 25.0493 	 0.343 	 24.213 	 0.3536 	 24.2101 	 0.0884 	 24.4584 	 0.0969 	 24.2775 	 0.0685 	 23.7756 	 0.0324 	 23.8549 	 0.0563 	 23.0476 	 0.0306 	 22.9675 	 0.0165 	 22.5312 	 0.0239 	 22.398 	 0.0119 	 22.3019 	 0.0089 	 22.1489 	 0.0116 	 22.0936 	 0.0085 	 22.0148 	 0.0082 	
197.7368329 	 -3.1820453 	 macs1311 	 1298 	 85 	 0.819 	 26.7747 	 0.5302 	 -99.0 	 0.0 	 -99.0 	 0.0 	 26.2991 	 0.8818 	 25.3411 	 0.0739 	 25.1005 	 0.0466 	 24.6782 	 0.0248 	 24.5439 	 0.0353 	 23.7824 	 0.0239 	 23.6789 	 0.0111 	 23.4301 	 0.0191 	 23.2778 	 0.0162 	 23.1999 	 0.0114 	 -99.0 	 0.0 	 22.975 	 0.0349 	 22.8765 	 0.0113 	
197.7366643 	 -3.1823051 	 macs1311 	 1299 	 1782 	 0.683 	 23.6818 	 0.172 	 -99.0 	 0.0 	 -99.0 	 0.0 	 22.8272 	 0.0931 	 22.5434 	 0.0261 	 22.3936 	 0.0185 	 21.687 	 0.0076 	 21.4687 	 0.01 	 20.8005 	 0.0064 	 20.7028 	 0.0034 	 20.4539 	 0.0058 	 20.3493 	 0.0088 	 -99.0 	 0.0 	 -99.0 	 0.0 	 -99.0 	 0.0 	 -99.0 	 0.0 	
197.7717577 	 -3.1824344 	 macs1311 	 1332 	 315 	 0.948 	 24.8256 	 0.1816 	 25.2882 	 0.2869 	 24.0656 	 0.1081 	 24.5955 	 0.0877 	 24.6434 	 0.0789 	 24.6117 	 0.0658 	 24.2717 	 0.0389 	 24.375 	 0.0641 	 23.7038 	 0.0419 	 23.5518 	 0.0215 	 23.2804 	 0.0345 	 23.2117 	 0.0179 	 23.1441 	 0.0139 	 22.9905 	 0.0176 	 23.0034 	 0.014 	 22.9802 	 0.0142 	
197.7701173 	 -3.1867417 	 macs1311 	 1516 	 3720 	 0.598 	 22.1658 	 0.053 	 22.4609 	 0.073 	 22.2438 	 0.0606 	 22.1025 	 0.027 	 22.0126 	 0.0237 	 21.8027 	 0.0169 	 20.98 	 0.0061 	 20.7628 	 0.008 	 20.306 	 0.0063 	 20.2403 	 0.0033 	 20.0176 	 0.0059 	 19.8158 	 0.0032 	 -99.0 	 0.0 	 19.6034 	 0.0028 	 19.4404 	 0.0021 	 19.2771 	 0.0019 	
197.7731998 	 -3.1883501 	 macs1311 	 1613 	 543 	 0.725 	 24.2673 	 0.1281 	 23.7723 	 0.1069 	 23.8757 	 0.0874 	 23.75 	 0.0447 	 23.7572 	 0.0442 	 23.6051 	 0.0366 	 23.1449 	 0.0169 	 23.0651 	 0.0244 	 22.6413 	 0.0197 	 22.6204 	 0.0112 	 22.3964 	 0.0196 	 22.1668 	 0.0122 	 -99.0 	 0.0 	 22.072 	 0.0098 	 21.9882 	 0.0093 	 21.9507 	 0.0098 	
197.7553773 	 -3.2003818 	 macs1311 	 1959 	 353 	 0.697 	 24.7036 	 0.1435 	 24.839 	 0.1747 	 24.5016 	 0.1254 	 24.714 	 0.0836 	 24.6277 	 0.0788 	 24.5959 	 0.0632 	 24.1728 	 0.034 	 23.9306 	 0.0423 	 23.4881 	 0.0326 	 23.4531 	 0.0192 	 23.1681 	 0.0333 	 23.3584 	 0.0597 	 23.3837 	 0.0378 	 -99.0 	 0.0 	 -99.0 	 0.0 	 23.2504 	 0.0334 	
215.9516164 	 24.0974815 	 macs1423 	 90 	 695 	 0.874 	 24.3712 	 0.1704 	 24.2037 	 0.1409 	 23.574 	 0.067 	 23.8525 	 0.0515 	 24.0756 	 0.0699 	 23.7987 	 0.0399 	 23.4855 	 0.0233 	 -99.0 	 inf 	 22.8715 	 0.0256 	 22.7741 	 0.0088 	 22.5608 	 0.0268 	 22.4434 	 0.0155 	 22.357 	 0.009 	 -99.0 	 0.0 	 22.2541 	 0.015 	 22.2959 	 0.0135 	
215.9479409 	 24.09659 	 macs1423 	 116 	 913 	 0.927 	 25.7924 	 0.5678 	 24.623 	 0.2277 	 24.0022 	 0.117 	 24.0318 	 0.0759 	 23.8974 	 0.0675 	 23.584 	 0.0372 	 23.3602 	 0.0237 	 -99.0 	 inf 	 22.5241 	 0.0215 	 22.4879 	 0.0084 	 22.0957 	 0.0195 	 22.0012 	 0.0118 	 21.8472 	 0.0064 	 -99.0 	 0.0 	 21.6189 	 0.0099 	 21.5759 	 0.0081 	
215.9497263 	 24.0962901 	 macs1423 	 128 	 183 	 0.877 	 24.9468 	 0.1397 	 25.0887 	 0.167 	 24.3986 	 0.0828 	 24.3294 	 0.0494 	 24.3831 	 0.0424 	 24.3266 	 0.0306 	 24.1623 	 0.0217 	 -99.0 	 inf 	 23.6064 	 0.025 	 23.6367 	 0.0097 	 23.4502 	 0.0275 	 23.3748 	 0.0187 	 23.3163 	 0.011 	 23.2867 	 0.0359 	 23.2602 	 0.0163 	 23.3748 	 0.0153 	
215.9403288 	 24.0820108 	 macs1423 	 662 	 387 	 0.663 	 24.2062 	 0.115 	 24.1864 	 0.1159 	 24.3243 	 0.1134 	 23.9899 	 0.0513 	 24.0235 	 0.0512 	 23.9535 	 0.0384 	 23.5848 	 0.0211 	 -99.0 	 inf 	 23.1875 	 0.0265 	 23.1776 	 0.0108 	 23.0404 	 0.028 	 22.9993 	 0.016 	 22.9481 	 0.0121 	 22.9355 	 0.0164 	 22.8802 	 0.0133 	 22.8532 	 0.0127 	
215.9406945 	 24.0831374 	 macs1423 	 663 	 1804 	 0.673 	 24.5782 	 0.3053 	 23.3055 	 0.1075 	 23.2595 	 0.1115 	 23.0871 	 0.0537 	 23.2139 	 0.0512 	 22.8151 	 0.0272 	 22.1824 	 0.0121 	 -99.0 	 inf 	 21.394 	 0.0106 	 21.3712 	 0.0041 	 21.1176 	 0.0104 	 20.9349 	 0.005 	 20.8639 	 0.0037 	 20.7605 	 0.0048 	 20.6725 	 0.0038 	 20.5467 	 0.0032 	
215.9698438 	 24.0767512 	 macs1423 	 1113 	 1145 	 0.928 	 27.6037 	 2.023 	 25.3834 	 0.992 	 26.5546 	 0.9978 	 24.5975 	 0.1609 	 25.274 	 0.2411 	 24.8741 	 0.1339 	 24.0097 	 0.0494 	 -99.0 	 inf 	 22.9495 	 0.0343 	 22.7717 	 0.0126 	 22.3069 	 0.0251 	 21.9681 	 0.0109 	 21.7876 	 0.0072 	 21.6114 	 0.0088 	 21.4529 	 0.0064 	 21.2992 	 0.0055 	
215.9560853 	 24.0758824 	 macs1423 	 1138 	 3601 	 0.688 	 23.7462 	 0.2616 	 23.7737 	 0.239 	 23.145 	 0.1231 	 22.9164 	 0.0595 	 22.642 	 0.0471 	 22.6231 	 0.0326 	 21.6866 	 0.0108 	 -99.0 	 inf 	 20.6281 	 0.0075 	 20.5491 	 0.0027 	 20.2763 	 0.0071 	 19.9716 	 0.003 	 19.8783 	 0.0022 	 19.7278 	 0.0028 	 19.6047 	 0.0021 	 19.4444 	 0.0017 	
215.9484053 	 24.0706354 	 macs1423 	 1450 	 586 	 0.735 	 23.9747 	 0.1257 	 24.2105 	 0.1572 	 23.9346 	 0.0906 	 23.6816 	 0.0461 	 23.769 	 0.2176 	 23.6567 	 0.0415 	 23.0081 	 0.0179 	 -99.0 	 inf 	 22.2434 	 0.0169 	 22.2369 	 0.0052 	 21.9236 	 0.0159 	 21.8829 	 0.0068 	 21.7486 	 0.005 	 21.6387 	 0.0064 	 21.5453 	 0.0049 	 21.4973 	 0.0044 	
215.9372893 	 24.0712533 	 macs1423 	 1481 	 1367 	 0.881 	 -99.0 	 0.0 	 22.761 	 0.0688 	 22.9526 	 0.0687 	 22.9341 	 0.0544 	 22.9095 	 0.03 	 22.9771 	 0.0249 	 22.7012 	 0.0156 	 -99.0 	 inf 	 21.9597 	 0.0146 	 21.9176 	 0.0068 	 21.7533 	 0.0156 	 21.6751 	 0.0085 	 21.6085 	 0.0063 	 21.5458 	 0.0084 	 21.5034 	 0.0067 	 21.4984 	 0.0066 	
215.9486411 	 24.0706097 	 macs1423 	 1518 	 750 	 0.853 	 24.4023 	 0.2071 	 24.7391 	 0.2621 	 24.174 	 0.177 	 23.9752 	 0.0645 	 24.0678 	 0.1859 	 23.9052 	 0.0629 	 23.3199 	 0.0296 	 -99.0 	 inf 	 22.4132 	 0.0229 	 22.4288 	 0.0067 	 22.1308 	 0.0227 	 21.9628 	 0.008 	 21.8396 	 0.0058 	 21.6959 	 0.0073 	 21.566 	 0.0055 	 21.4758 	 0.0048 	
215.9351209 	 24.0655904 	 macs1423 	 1764 	 1582 	 0.668 	 22.6392 	 0.0679 	 22.6699 	 0.0627 	 22.5319 	 0.0455 	 22.6319 	 0.0316 	 22.5094 	 0.0258 	 22.2957 	 0.0145 	 21.7641 	 0.0074 	 -99.0 	 inf 	 21.163 	 0.0077 	 21.123 	 0.0032 	 20.9497 	 0.008 	 20.8072 	 0.0045 	 -99.0 	 0.0 	 20.7186 	 0.0046 	 20.6328 	 0.0036 	 20.5191 	 0.0031 	
260.0842895 	 35.6192821 	 macs1720 	 344 	 1067 	 0.805 	 24.5181 	 0.3007 	 25.1154 	 0.4228 	 24.2228 	 0.1858 	 24.4873 	 0.1201 	 24.3377 	 0.1058 	 24.2244 	 0.0687 	 23.3848 	 0.0271 	 23.2921 	 0.0352 	 22.4387 	 0.0199 	 22.2761 	 0.0097 	 22.0073 	 0.0177 	 21.7068 	 0.0081 	 21.5636 	 0.0052 	 21.4284 	 0.0069 	 21.2795 	 0.005 	 21.1714 	 0.0046 	
260.0878137 	 35.6156938 	 macs1720 	 448 	 3856 	 0.714 	 -99.0 	 0.0 	 22.7058 	 0.1003 	 22.705 	 0.0821 	 22.808 	 0.0505 	 22.8799 	 0.0528 	 22.5756 	 0.0283 	 22.1668 	 0.0166 	 21.9244 	 0.0191 	 21.5538 	 0.0166 	 21.6226 	 0.01 	 21.319 	 0.0173 	 21.0599 	 0.0105 	 -99.0 	 0.0 	 20.9355 	 0.0077 	 20.8813 	 0.007 	 20.7877 	 0.007 	
260.0877812 	 35.6163945 	 macs1720 	 571 	 26 	 0.595 	 27.282 	 0.6654 	 99.0 	 27.6232 	 27.9178 	 0.7802 	 28.5634 	 0.7801 	 26.9358 	 0.2476 	 27.3995 	 0.2826 	 27.1952 	 0.1898 	 26.7083 	 0.1778 	 27.5137 	 0.3945 	 27.7248 	 0.2689 	 26.873 	 0.2953 	 26.2878 	 0.1138 	 26.1061 	 0.0764 	 99.0 	 28.685 	 26.8575 	 0.1549 	 28.5808 	 0.6999 	
260.0883562 	 35.6161761 	 macs1720 	 575 	 130 	 0.58 	 26.7406 	 0.7244 	 27.5853 	 1.1462 	 99.0 	 27.2602 	 26.9177 	 0.3672 	 27.0951 	 0.4638 	 26.1603 	 0.1508 	 26.0149 	 0.1097 	 26.125 	 0.1768 	 25.6873 	 0.1467 	 25.349 	 0.063 	 25.3332 	 0.1365 	 24.91 	 0.0591 	 24.5644 	 0.0393 	 99.0 	 28.076 	 25.0946 	 0.0586 	 25.3547 	 0.0937 	
260.0802901 	 35.6162442 	 macs1720 	 602 	 727 	 0.698 	 24.4458 	 0.2412 	 24.7753 	 0.2762 	 24.1613 	 0.1477 	 24.1866 	 0.0802 	 23.9481 	 0.0675 	 23.7165 	 0.0379 	 23.1774 	 0.0194 	 23.0147 	 0.0243 	 22.2968 	 0.015 	 22.2452 	 0.0082 	 22.0243 	 0.0154 	 21.8716 	 0.0083 	 21.8075 	 0.0057 	 21.7007 	 0.0078 	 21.6422 	 0.0061 	 21.5117 	 0.0055 	
260.0478523 	 35.5986 	 macs1720 	 1511 	 4208 	 0.553 	 21.8489 	 0.0426 	 21.587 	 0.0338 	 21.4779 	 0.0248 	 21.3247 	 0.012 	 21.1448 	 0.0104 	 20.9124 	 0.0062 	 20.2547 	 0.0029 	 20.0502 	 0.0036 	 19.6449 	 0.003 	 19.6059 	 0.0016 	 19.4463 	 0.0034 	 19.183 	 0.0023 	 -99.0 	 0.0 	 19.1415 	 0.0017 	 19.0129 	 0.0016 	 18.8529 	 0.0015 	
260.0948288 	 35.5989614 	 macs1720 	 1517 	 556 	 0.773 	 25.3375 	 0.3983 	 -99.0 	 0.0 	 -99.0 	 0.0 	 24.4009 	 0.1082 	 24.3379 	 0.0786 	 24.1163 	 0.0454 	 23.5905 	 0.0231 	 23.5202 	 0.0303 	 22.7804 	 0.0187 	 22.718 	 0.0104 	 22.5124 	 0.0193 	 22.4991 	 0.0156 	 22.3409 	 0.0073 	 -99.0 	 0.0 	 22.2387 	 0.013 	 22.1672 	 0.0115 	
260.0639382 	 35.5946503 	 macs1720 	 1535 	 9233 	 0.592 	 21.9503 	 0.0697 	 23.2342 	 0.2179 	 20.4723 	 0.0183 	 21.3551 	 0.0188 	 21.0418 	 0.0132 	 20.7524 	 0.0074 	 19.7646 	 0.0026 	 19.5303 	 0.0031 	 18.8392 	 0.002 	 18.7551 	 0.001 	 18.4664 	 0.0018 	 18.2317 	 0.001 	 18.1357 	 0.0007 	 18.0261 	 0.001 	 17.8578 	 0.0007 	 17.6844 	 0.0005 	
260.0715926 	 35.597319 	 macs1720 	 1594 	 520 	 0.689 	 24.2575 	 0.1949 	 23.7042 	 0.0923 	 23.4454 	 0.0619 	 23.596 	 0.0422 	 23.7106 	 0.0448 	 23.4501 	 0.0241 	 23.1872 	 0.017 	 23.1305 	 0.0222 	 22.7053 	 0.019 	 22.6199 	 0.0098 	 22.4811 	 0.02 	 22.5062 	 0.0124 	 22.5388 	 0.0088 	 22.4999 	 0.0131 	 22.5864 	 0.0115 	 22.544 	 0.0115 	
260.0883765 	 35.5949044 	 macs1720 	 1675 	 2353 	 0.569 	 22.7408 	 0.0844 	 22.913 	 0.0891 	 22.4814 	 0.0514 	 22.6068 	 0.0319 	 22.3347 	 0.0247 	 22.2211 	 0.0151 	 21.6017 	 0.0072 	 21.4034 	 0.0089 	 20.9595 	 0.0069 	 20.9663 	 0.004 	 20.7916 	 0.0076 	 20.645 	 0.0051 	 20.6215 	 0.0032 	 -99.0 	 0.0 	 20.4478 	 0.0047 	 20.3328 	 0.0046 	
260.0877493 	 35.5949813 	 macs1720 	 1677 	 277 	 0.692 	 24.9689 	 0.2122 	 24.9209 	 0.182 	 24.8102 	 0.1254 	 24.7266 	 0.0652 	 24.7715 	 0.0745 	 24.6421 	 0.0446 	 23.7987 	 0.018 	 23.6498 	 0.0222 	 23.0388 	 0.0156 	 22.9458 	 0.0084 	 22.759 	 0.0156 	 22.4828 	 0.0082 	 22.4075 	 0.0057 	 -99.0 	 0.0 	 22.2714 	 0.0066 	 22.1488 	 0.0057 	
260.0875692 	 35.594838 	 macs1720 	 1753 	 55 	 0.72 	 26.1029 	 0.2479 	 26.8685 	 0.3823 	 26.8114 	 0.3549 	 25.7583 	 0.0699 	 25.6746 	 0.0681 	 25.6275 	 0.0473 	 25.2205 	 0.0274 	 25.1257 	 0.0358 	 24.6739 	 0.0289 	 24.6353 	 0.0162 	 24.4459 	 0.0317 	 24.206 	 0.0172 	 24.2494 	 0.0131 	 24.1377 	 0.0192 	 24.0874 	 0.0147 	 24.0038 	 0.0129 	
260.0800564 	 35.5931595 	 macs1720 	 1806 	 697 	 0.879 	 24.6704 	 0.2916 	 24.2521 	 0.1757 	 23.9749 	 0.1904 	 24.0607 	 0.0719 	 24.3879 	 0.0997 	 24.0148 	 0.0485 	 23.4786 	 0.0257 	 23.406 	 0.0353 	 22.5998 	 0.0196 	 22.5424 	 0.0111 	 22.2473 	 0.0186 	 22.0333 	 0.0098 	 21.9375 	 0.0062 	 21.7949 	 0.0086 	 21.7264 	 0.0066 	 21.6621 	 0.0063 	
260.0567707 	 35.5943031 	 macs1720 	 1827 	 7749 	 0.555 	 22.7969 	 0.1442 	 21.7267 	 0.0581 	 22.3003 	 0.0894 	 22.2292 	 0.0401 	 21.7258 	 0.0255 	 21.4599 	 0.0147 	 20.5019 	 0.0054 	 20.2438 	 0.0062 	 19.6845 	 0.0046 	 19.6182 	 0.0024 	 19.3731 	 0.0045 	 19.0183 	 0.0019 	 -99.0 	 0.0 	 18.713 	 0.0016 	 18.5095 	 0.0011 	 18.3571 	 0.001 	
260.0666013 	 35.626103 	 macs1720 	 142 	 209 	 0.5 	 26.4098 	 0.7634 	 24.852 	 0.1943 	 25.2944 	 0.2407 	 25.2701 	 0.1328 	 25.2636 	 0.1408 	 25.5189 	 0.1305 	 24.7705 	 0.0561 	 24.4354 	 0.0594 	 24.2418 	 0.0642 	 24.3248 	 0.0387 	 24.1753 	 0.0778 	 24.129 	 0.0396 	 24.2575 	 0.0307 	 24.1794 	 0.0451 	 24.2024 	 0.0364 	 24.2929 	 0.0436 	
292.9444191 	 -26.5581317 	 macs1931 	 173 	 719 	 0.583 	 99.0 	 25.7844 	 24.4812 	 0.2696 	 25.9119 	 0.7247 	 24.6206 	 0.1519 	 23.6825 	 0.0672 	 23.1134 	 0.0323 	 22.1851 	 0.012 	 21.7685 	 0.0113 	 20.8518 	 0.0061 	 20.714 	 0.0031 	 20.2845 	 0.0045 	 20.2378 	 0.0056 	 19.9182 	 0.0023 	 -99.0 	 0.0 	 -99.0 	 0.0 	 19.7704 	 0.0022 	
292.9535465 	 -26.5645687 	 macs1931 	 347 	 685 	 0.686 	 23.838 	 0.1777 	 24.0598 	 0.2062 	 24.2293 	 0.2045 	 24.2302 	 0.1244 	 24.482 	 0.1584 	 24.1487 	 0.0924 	 23.3787 	 0.0374 	 23.2841 	 0.0468 	 22.6427 	 0.0295 	 22.6522 	 0.0169 	 22.4926 	 0.03 	 22.3027 	 0.0124 	 22.2991 	 0.0099 	 22.1383 	 0.0123 	 22.0779 	 0.0095 	 22.0208 	 0.0089 	
292.95343 	 -26.5642549 	 macs1931 	 723 	 704 	 0.53 	 25.3087 	 0.5543 	 23.6298 	 0.1428 	 23.6918 	 0.1258 	 23.6686 	 0.0669 	 23.2287 	 0.0507 	 23.5305 	 0.0526 	 22.9011 	 0.023 	 22.7332 	 0.0276 	 22.4227 	 0.0256 	 22.4129 	 0.0134 	 22.3522 	 0.0261 	 22.1418 	 0.0104 	 22.1592 	 0.0083 	 22.0975 	 0.0115 	 22.0428 	 0.009 	 22.0028 	 0.0084 	
292.9630114 	 -26.5721607 	 macs1931 	 863 	 241 	 0.512 	 25.8715 	 0.6469 	 99.0 	 26.2064 	 26.2765 	 0.622 	 27.0465 	 0.777 	 25.4856 	 0.2163 	 25.029 	 0.123 	 23.7543 	 0.0306 	 23.5977 	 0.0357 	 22.7656 	 0.0206 	 22.6617 	 0.0108 	 22.2771 	 0.0147 	 22.0308 	 0.0067 	 21.9497 	 0.005 	 21.8867 	 0.0071 	 21.8237 	 0.0057 	 21.7809 	 0.0047 	
292.9659667 	 -26.5735613 	 macs1931 	 913 	 2148 	 0.81 	 23.3201 	 0.2188 	 22.933 	 0.1267 	 22.4562 	 0.0691 	 22.8044 	 0.0539 	 22.4582 	 0.0378 	 22.462 	 0.0288 	 22.1458 	 0.0196 	 22.0474 	 0.0236 	 21.3957 	 0.0165 	 21.354 	 0.008 	 21.1976 	 0.0139 	 21.041 	 0.0066 	 21.0255 	 0.0053 	 20.917 	 0.0068 	 20.8823 	 0.0055 	 20.7915 	 0.0048 	
292.9659274 	 -26.5738152 	 macs1931 	 914 	 75 	 0.681 	 25.8015 	 0.3411 	 26.1959 	 0.3789 	 24.9459 	 0.1311 	 25.4302 	 0.0945 	 25.4208 	 0.1007 	 25.0955 	 0.0672 	 24.843 	 0.0435 	 24.7066 	 0.0496 	 24.4099 	 0.0439 	 24.4069 	 0.0246 	 24.2201 	 0.0391 	 24.1085 	 0.0205 	 24.1143 	 0.0168 	 24.0211 	 0.0223 	 24.0844 	 0.0195 	 24.0227 	 0.0171 	
292.9572901 	 -26.5771069 	 macs1931 	 1074 	 3374 	 0.475 	 22.2366 	 0.0989 	 22.3088 	 0.0855 	 21.8025 	 0.045 	 21.9592 	 0.0285 	 21.8955 	 0.0276 	 21.6341 	 0.0167 	 20.8518 	 0.007 	 20.7352 	 0.0083 	 20.4198 	 0.0073 	 20.3021 	 0.0037 	 20.1761 	 0.0065 	 20.0532 	 0.0033 	 19.9976 	 0.0026 	 19.8827 	 0.0034 	 19.7566 	 0.0026 	 19.6667 	 0.0021 	
292.9564039 	 -26.5748579 	 macs1931 	 1128 	 806 	 0.725 	 22.1486 	 0.0456 	 21.8257 	 0.0279 	 21.6495 	 0.0201 	 21.6613 	 0.0104 	 21.7066 	 0.0132 	 21.3522 	 0.007 	 21.0504 	 0.0044 	 21.026 	 0.0057 	 20.8677 	 0.0059 	 20.5643 	 0.0024 	 20.1329 	 0.0033 	 20.4994 	 0.0028 	 20.3944 	 0.002 	 20.3384 	 0.003 	 20.2295 	 0.0025 	 20.1245 	 0.0018 	
292.9567217 	 -26.5755518 	 macs1931 	 1146 	 154 	 0.73 	 21.4781 	 0.0124 	 21.3246 	 0.0096 	 21.1654 	 0.0064 	 21.1863 	 0.0032 	 21.208 	 0.0041 	 21.0684 	 0.0029 	 20.799 	 0.0021 	 20.7428 	 0.0023 	 20.6882 	 0.0024 	 20.5395 	 0.0012 	 20.2513 	 0.0019 	 20.4579 	 0.0019 	 20.3686 	 0.0014 	 20.3039 	 0.0023 	 20.1998 	 0.0021 	 20.1048 	 0.0012 	
292.9765127 	 -26.5777118 	 macs1931 	 1229 	 2814 	 0.737 	 99.0 	 24.7074 	 23.9533 	 0.3573 	 24.2263 	 0.3652 	 28.494 	 2.7101 	 23.4286 	 0.1039 	 24.1651 	 0.1535 	 22.463 	 0.0285 	 22.1316 	 0.0285 	 21.0413 	 0.0127 	 20.9011 	 0.0061 	 20.4848 	 0.0085 	 20.1722 	 0.0043 	 -99.0 	 0.0 	 19.9114 	 0.0034 	 19.7577 	 0.0026 	 19.5976 	 0.0027 	
292.9562134 	 -26.5738433 	 macs1931 	 1309 	 5833 	 0.482 	 23.7081 	 0.4891 	 -99.0 	 0.0 	 -99.0 	 0.0 	 22.1704 	 0.052 	 23.599 	 0.2088 	 22.9636 	 0.0851 	 21.4989 	 0.0189 	 21.2668 	 0.0208 	 21.0405 	 0.0195 	 20.7398 	 0.008 	 20.2769 	 0.0109 	 20.7165 	 0.0082 	 20.6946 	 0.0065 	 20.6097 	 0.0084 	 20.532 	 0.0065 	 20.4274 	 0.0057 	
292.9561159 	 -26.5744529 	 macs1931 	 1380 	 844 	 0.716 	 23.579 	 0.183 	 23.6707 	 0.1525 	 23.3583 	 0.0972 	 23.0218 	 0.0382 	 23.2161 	 0.0489 	 22.6965 	 0.0238 	 22.325 	 0.0142 	 22.406 	 0.0205 	 22.0612 	 0.0176 	 21.6737 	 0.0067 	 21.1548 	 0.0086 	 21.7133 	 0.0075 	 21.5968 	 0.0054 	 21.5844 	 0.0078 	 21.4915 	 0.0061 	 21.3804 	 0.005 	
292.9673568 	 -26.5833137 	 macs1931 	 1647 	 455 	 0.997 	 26.9838 	 1.619 	 24.2043 	 0.2011 	 23.9651 	 0.1419 	 24.1009 	 0.0853 	 23.7891 	 0.064 	 23.9382 	 0.0573 	 23.8033 	 0.0435 	 23.8378 	 0.0577 	 23.3549 	 0.0447 	 23.144 	 0.0207 	 22.8921 	 0.0342 	 22.8178 	 0.0175 	 22.8726 	 0.0151 	 22.8447 	 0.0201 	 22.7393 	 0.0154 	 22.6644 	 0.0137 	
322.3538859 	 -7.6683532 	 macs2129 	 15 	 248 	 0.77 	 99.0 	 26.5606 	 25.4055 	 0.3236 	 24.8896 	 0.1588 	 24.538 	 0.0677 	 24.4032 	 0.0635 	 24.3073 	 0.0451 	 24.1072 	 0.0321 	 24.0127 	 0.0442 	 23.5787 	 0.0326 	 23.4959 	 0.014 	 23.201 	 0.031 	 23.0739 	 0.024 	 -99.0 	 0.0 	 23.0647 	 0.0224 	 23.0836 	 0.0167 	 -99.0 	 0.0 	
322.3719835 	 -7.6742581 	 macs2129 	 129 	 1412 	 0.734 	 23.5386 	 0.1847 	 24.5913 	 0.3871 	 23.1363 	 0.0902 	 23.2224 	 0.0538 	 23.2024 	 0.0503 	 22.9575 	 0.03 	 22.3806 	 0.0156 	 22.2422 	 0.0197 	 21.5843 	 0.0124 	 21.5625 	 0.0065 	 21.3205 	 0.0119 	 21.1008 	 0.0077 	 21.0352 	 0.0041 	 20.9142 	 0.0077 	 20.8505 	 0.0066 	 20.7114 	 0.0042 	
322.3704274 	 -7.6755699 	 macs2129 	 214 	 782 	 0.804 	 99.0 	 25.6718 	 24.3987 	 0.2597 	 24.4811 	 0.2195 	 24.0471 	 0.0849 	 24.3866 	 0.1085 	 24.2648 	 0.0724 	 23.3967 	 0.0293 	 23.3652 	 0.0418 	 22.4761 	 0.0206 	 22.419 	 0.0082 	 22.1708 	 0.0192 	 21.9888 	 0.0127 	 21.8164 	 0.0062 	 21.6951 	 0.0115 	 21.6216 	 0.0096 	 21.5273 	 0.0065 	
322.3680026 	 -7.692958 	 macs2129 	 1076 	 156 	 0.692 	 25.3789 	 0.3048 	 25.024 	 0.2086 	 24.507 	 0.1025 	 24.5332 	 0.0672 	 24.6463 	 0.0721 	 24.7573 	 0.0536 	 24.4952 	 0.0363 	 24.5903 	 0.0605 	 24.1859 	 0.0439 	 24.1758 	 0.0212 	 24.0528 	 0.048 	 24.1871 	 0.0355 	 24.0516 	 0.0232 	 24.1248 	 0.0324 	 24.1519 	 0.0276 	 24.161 	 0.0277 	
322.3748817 	 -7.7048037 	 macs2129 	 1795 	 260 	 0.694 	 24.9465 	 0.282 	 -99.0 	 0.0 	 -99.0 	 0.0 	 24.4848 	 0.1777 	 24.7706 	 0.0969 	 24.6505 	 0.0596 	 24.1676 	 0.0337 	 24.0453 	 0.0433 	 23.6251 	 0.0315 	 23.5699 	 0.0144 	 23.4109 	 0.0322 	 23.4053 	 0.0354 	 -99.0 	 0.0 	 23.2568 	 0.0291 	 -99.0 	 0.0 	 -99.0 	 0.0 	
322.3549708 	 -7.7067528 	 macs2129 	 1869 	 1351 	 0.695 	 99.0 	 25.483 	 24.1471 	 0.2514 	 24.6418 	 0.2989 	 24.4595 	 0.1523 	 24.3775 	 0.1331 	 23.8989 	 0.078 	 23.1922 	 0.0324 	 22.9834 	 0.0376 	 22.1129 	 0.0196 	 22.1658 	 0.0113 	 21.7652 	 0.017 	 21.5825 	 0.0094 	 21.4522 	 0.0058 	 21.3665 	 0.0076 	 21.2657 	 0.0058 	 21.1743 	 0.0052 	
322.3554994 	 -7.7070887 	 macs2129 	 1871 	 1433 	 0.968 	 99.0 	 25.4499 	 25.3198 	 0.6349 	 23.9136 	 0.1782 	 25.8263 	 0.467 	 24.0645 	 0.1057 	 23.8211 	 0.0674 	 23.4983 	 0.0432 	 23.1468 	 0.0466 	 22.4247 	 0.0263 	 22.3404 	 0.0133 	 21.8337 	 0.0191 	 21.575 	 0.0096 	 21.3722 	 0.0056 	 21.2447 	 0.007 	 21.0792 	 0.0051 	 20.9584 	 0.0045 	
322.371956 	 -7.7093946 	 macs2129 	 1985 	 1321 	 0.692 	 24.1505 	 0.2754 	 -99.0 	 0.0 	 -99.0 	 0.0 	 23.5817 	 0.2849 	 23.2004 	 0.0503 	 23.1574 	 0.0352 	 22.5899 	 0.0184 	 22.3772 	 0.0223 	 21.753 	 0.0135 	 21.7243 	 0.0058 	 21.5241 	 0.0134 	 21.3501 	 0.0094 	 21.2467 	 0.005 	 21.1619 	 0.0093 	 21.0717 	 0.0079 	 20.9779 	 0.0052 	
325.0695966 	 -23.6506369 	 ms2137 	 463 	 764 	 0.428 	 25.8433 	 0.5727 	 24.1354 	 0.1586 	 24.3613 	 0.1746 	 24.2836 	 0.1215 	 23.984 	 0.0609 	 23.6579 	 0.0375 	 22.7267 	 0.0148 	 22.4798 	 0.016 	 21.9751 	 0.0114 	 21.906 	 0.0063 	 21.6905 	 0.0118 	 21.4948 	 0.0055 	 21.4357 	 0.0042 	 21.3289 	 0.0056 	 21.2266 	 0.0042 	 21.1362 	 0.0037 	
325.0698286 	 -23.6509024 	 ms2137 	 493 	 1628 	 0.726 	 23.9981 	 0.1976 	 23.0631 	 0.0954 	 23.3382 	 0.0973 	 23.1589 	 0.0919 	 23.0509 	 0.0403 	 22.7199 	 0.0246 	 22.377 	 0.0159 	 21.9976 	 0.0153 	 21.4721 	 0.0112 	 21.4536 	 0.0062 	 21.1079 	 0.0101 	 20.8718 	 0.0045 	 20.9052 	 0.0037 	 20.5907 	 0.0042 	 20.5727 	 0.0034 	 20.4506 	 0.0029 	
325.0643123 	 -23.6462614 	 ms2137 	 594 	 2164 	 0.742 	 23.1737 	 0.1384 	 25.7118 	 0.8465 	 23.2281 	 0.0962 	 23.3823 	 0.087 	 22.9247 	 0.0429 	 22.8999 	 0.0338 	 22.1693 	 0.0157 	 22.0771 	 0.0197 	 21.2844 	 0.0109 	 21.1851 	 0.0058 	 20.9353 	 0.0108 	 20.6867 	 0.0046 	 20.6148 	 0.0034 	 20.4747 	 0.0045 	 20.3868 	 0.0034 	 20.2321 	 0.0029 	
325.0821105 	 -23.6591604 	 ms2137 	 730 	 1448 	 0.718 	 23.3 	 0.1049 	 23.0787 	 0.0861 	 23.0028 	 0.0654 	 22.9159 	 0.0372 	 22.7413 	 0.0305 	 22.6786 	 0.023 	 22.1371 	 0.0085 	 22.0529 	 0.0163 	 21.4886 	 0.0112 	 21.4508 	 0.0061 	 21.2217 	 0.016 	 21.0761 	 0.0072 	 -99.0 	 0.0 	 20.9188 	 0.005 	 20.8803 	 0.0053 	 20.7807 	 0.0052 	
325.0719188 	 -23.6620281 	 ms2137 	 869 	 321 	 0.431 	 25.2342 	 0.2713 	 24.7618 	 0.1781 	 24.7137 	 0.1447 	 24.4459 	 0.0629 	 24.2817 	 0.0641 	 24.3018 	 0.0495 	 23.6591 	 0.0158 	 23.483 	 0.0277 	 23.2361 	 0.0257 	 23.2246 	 0.0143 	 23.0536 	 0.0266 	 23.0247 	 0.0139 	 23.0007 	 0.0107 	 22.9666 	 0.0148 	 22.8843 	 0.0117 	 22.8248 	 0.0109 	
325.0717012 	 -23.6625155 	 ms2137 	 922 	 77 	 0.424 	 25.5178 	 0.169 	 25.306 	 0.1472 	 25.3341 	 0.1132 	 25.1262 	 0.0632 	 24.9375 	 0.0496 	 24.9106 	 0.0388 	 24.4593 	 0.0155 	 24.2727 	 0.0271 	 24.1367 	 0.0274 	 24.0557 	 0.0144 	 23.9943 	 0.0299 	 23.9712 	 0.0166 	 23.997 	 0.0137 	 23.9942 	 0.0197 	 23.9386 	 0.0154 	 23.8359 	 0.0137 	
325.0737555 	 -23.6651614 	 ms2137 	 1014 	 1957 	 0.923 	 24.0361 	 0.2336 	 23.3494 	 0.1324 	 22.9293 	 0.0719 	 22.9044 	 0.0437 	 22.9439 	 0.0498 	 22.6521 	 0.0289 	 22.5292 	 0.0205 	 22.3655 	 0.026 	 21.7358 	 0.0168 	 21.6844 	 0.009 	 21.3529 	 0.0143 	 21.2936 	 0.0071 	 21.2038 	 0.0051 	 21.1222 	 0.0069 	 21.0437 	 0.0054 	 21.0174 	 0.0053 	
325.0735892 	 -23.6653409 	 ms2137 	 1110 	 26 	 0.427 	 27.1442 	 0.3648 	 26.7525 	 0.2791 	 26.2397 	 0.1541 	 25.9396 	 0.075 	 25.7407 	 0.0679 	 25.7554 	 0.0511 	 25.6549 	 0.0371 	 25.7499 	 0.0636 	 25.2666 	 0.044 	 25.3047 	 0.0268 	 25.1462 	 0.0483 	 25.1875 	 0.0288 	 25.1735 	 0.0231 	 25.1139 	 0.0315 	 25.205 	 0.0273 	 25.3728 	 0.0312 	
325.0421605 	 -23.671842 	 ms2137 	 1350 	 149 	 0.889 	 25.7835 	 0.3925 	 25.6225 	 0.2951 	 24.9402 	 0.1263 	 24.9882 	 0.0908 	 25.0049 	 0.0797 	 24.9932 	 0.0602 	 24.8574 	 0.0462 	 24.8825 	 0.065 	 24.2662 	 0.0443 	 24.2592 	 0.0259 	 24.12 	 0.0506 	 24.0353 	 0.0352 	 -99.0 	 0.0 	 24.0424 	 0.0281 	 23.9105 	 0.0279 	 24.0152 	 0.0329 	
325.0538805 	 -23.6730326 	 ms2137 	 1374 	 1085 	 0.476 	 23.8901 	 0.1979 	 23.4789 	 0.122 	 23.3631 	 0.0849 	 23.3609 	 0.0567 	 23.1587 	 0.0429 	 23.1376 	 0.0324 	 22.5113 	 0.0161 	 22.3798 	 0.0198 	 22.0194 	 0.0162 	 22.017 	 0.0092 	 21.9074 	 0.0186 	 21.8496 	 0.0096 	 21.8167 	 0.0074 	 21.7627 	 0.0098 	 21.7051 	 0.008 	 21.6281 	 0.0075 	
325.0773787 	 -23.6763491 	 ms2137 	 1495 	 750 	 0.758 	 23.9162 	 0.1353 	 23.8893 	 0.1279 	 23.4692 	 0.0677 	 23.4972 	 0.0468 	 23.4155 	 0.0415 	 23.3611 	 0.0324 	 23.1043 	 0.0212 	 22.9566 	 0.0268 	 22.5485 	 0.0213 	 22.4377 	 0.0113 	 22.278 	 0.0206 	 22.2873 	 0.0149 	 22.2382 	 0.0076 	 -99.0 	 0.0 	 22.172 	 0.0139 	 22.0759 	 0.0119 	
206.8796859 	 -11.7440918 	 rxj1347 	 402 	 2215 	 0.765 	 24.8741 	 0.5909 	 23.9886 	 0.2626 	 24.0772 	 0.2712 	 24.2364 	 0.1735 	 23.6056 	 0.0998 	 23.7367 	 0.0579 	 22.6974 	 0.0283 	 22.4641 	 0.0341 	 21.3865 	 0.0144 	 21.3267 	 0.0062 	 20.9087 	 0.0103 	 20.6136 	 0.0058 	 20.4786 	 0.0023 	 20.3506 	 0.0047 	 20.2091 	 0.0034 	 20.0416 	 0.0021 	
206.9022423 	 -11.7442665 	 rxj1347 	 424 	 769 	 0.872 	 24.2517 	 0.1754 	 23.4978 	 0.0961 	 23.0812 	 0.0579 	 23.0659 	 0.0317 	 23.1573 	 0.0327 	 23.1332 	 0.0168 	 23.0601 	 0.0195 	 22.981 	 0.0293 	 22.4437 	 0.0195 	 22.5086 	 0.0095 	 22.3032 	 0.0201 	 22.2606 	 0.0198 	 22.2123 	 0.0084 	 -99.0 	 0.0 	 22.1975 	 0.0184 	 22.2773 	 0.0167 	
206.8833741 	 -11.744981 	 rxj1347 	 452 	 1924 	 0.698 	 23.332 	 0.1557 	 23.2521 	 0.1225 	 23.1361 	 0.094 	 22.9526 	 0.0456 	 22.7237 	 0.082 	 22.6692 	 0.019 	 22.1631 	 0.0183 	 22.0569 	 0.0252 	 21.3798 	 0.0144 	 21.3428 	 0.0053 	 21.1929 	 0.0114 	 21.0192 	 0.0072 	 20.9727 	 0.0031 	 20.88 	 0.0065 	 20.8487 	 0.005 	 20.7476 	 0.0034 	
206.8837831 	 -11.7452656 	 rxj1347 	 453 	 57 	 0.693 	 27.0148 	 0.5933 	 25.8146 	 0.2047 	 25.8181 	 0.1989 	 25.552 	 0.0749 	 25.4562 	 0.0954 	 25.4436 	 0.038 	 25.0659 	 0.0427 	 24.9726 	 0.0537 	 24.5553 	 0.0444 	 24.5082 	 0.0153 	 24.3757 	 0.0325 	 24.2353 	 0.0224 	 24.257 	 0.0104 	 24.1516 	 0.0231 	 24.1792 	 0.0184 	 24.1559 	 0.0128 	
206.8910123 	 -11.7474143 	 rxj1347 	 596 	 726 	 0.801 	 26.4009 	 1.0696 	 24.189 	 0.1903 	 23.7844 	 0.1087 	 23.696 	 0.0723 	 23.6888 	 0.0601 	 23.5356 	 0.0287 	 23.1727 	 0.0245 	 23.121 	 0.0366 	 22.4244 	 0.0209 	 22.3752 	 0.0092 	 22.1768 	 0.019 	 22.0728 	 0.0121 	 21.985 	 0.0049 	 21.8903 	 0.0106 	 21.8509 	 0.008 	 21.8194 	 0.0059 	
206.9001871 	 -11.7475808 	 rxj1347 	 629 	 1249 	 0.843 	 23.5983 	 0.1465 	 99.0 	 25.6675 	 18.1836 	 0.0009 	 23.9166 	 0.1012 	 23.8217 	 0.0862 	 23.6099 	 0.0382 	 23.1073 	 0.0295 	 22.7639 	 0.0338 	 22.0042 	 0.0182 	 21.9498 	 0.0105 	 21.6503 	 0.016 	 21.4126 	 0.0084 	 21.2796 	 0.0035 	 21.1345 	 0.0068 	 21.0239 	 0.0049 	 20.9218 	 0.0035 	
233.2464265 	 30.3554075 	 rxj1532 	 587 	 143 	 0.818 	 27.6902 	 1.0759 	 26.2278 	 0.3984 	 25.6285 	 0.2102 	 25.8762 	 0.1375 	 25.7677 	 0.1175 	 25.7254 	 0.0801 	 25.2653 	 0.0462 	 24.9503 	 0.0517 	 24.3337 	 0.0368 	 24.1293 	 0.0166 	 23.8159 	 0.0291 	 23.6608 	 0.0163 	 23.5717 	 0.0118 	 23.515 	 0.0162 	 23.4619 	 0.0123 	 23.4148 	 0.0117 	
233.2464228 	 30.3550666 	 rxj1532 	 588 	 2838 	 0.913 	 25.8691 	 1.0208 	 23.6969 	 0.1919 	 23.2715 	 0.1108 	 23.3894 	 0.0668 	 23.3957 	 0.0652 	 23.3723 	 0.0465 	 22.7739 	 0.0227 	 22.5098 	 0.0261 	 21.6659 	 0.0149 	 21.5531 	 0.0078 	 21.1493 	 0.0121 	 20.882 	 0.0065 	 -99.0 	 0.0 	 20.6312 	 0.005 	 20.5116 	 0.0039 	 20.4075 	 0.0037 	
233.2249183 	 30.353984 	 rxj1532 	 645 	 350 	 0.664 	 24.1282 	 0.1096 	 -99.0 	 0.0 	 -99.0 	 0.0 	 24.1427 	 0.0783 	 24.0145 	 0.0495 	 24.1167 	 0.0385 	 23.8223 	 0.025 	 23.7194 	 0.0315 	 23.2189 	 0.0232 	 23.2658 	 0.0138 	 23.222 	 0.0308 	 23.2104 	 0.0164 	 23.1339 	 0.0115 	 23.1702 	 0.0168 	 23.1034 	 0.013 	 23.1112 	 0.0131 	
233.2055318 	 30.3505489 	 rxj1532 	 832 	 312 	 0.55 	 24.1482 	 0.0997 	 24.4415 	 0.1315 	 24.3799 	 0.109 	 24.223 	 0.0619 	 24.3118 	 0.0571 	 24.3447 	 0.0445 	 23.93 	 0.0262 	 23.7433 	 0.0319 	 23.6018 	 0.0349 	 23.6363 	 0.021 	 23.7407 	 0.0524 	 23.5778 	 0.0238 	 23.62 	 0.0176 	 23.668 	 0.0271 	 23.6506 	 0.0219 	 23.6072 	 0.0219 	
233.2290807 	 30.3472042 	 rxj1532 	 940 	 3647 	 0.825 	 99.0 	 25.254 	 24.469 	 0.3912 	 23.1598 	 0.1114 	 23.8059 	 0.1138 	 23.9145 	 0.1542 	 22.8712 	 0.0429 	 22.3673 	 0.0216 	 21.982 	 0.0327 	 21.1025 	 0.0121 	 20.9911 	 0.0069 	 20.6317 	 0.01 	 20.2726 	 0.004 	 20.0546 	 0.0025 	 19.9252 	 0.0033 	 19.7465 	 0.0023 	 19.6204 	 0.002 	
233.2265307 	 30.3414647 	 rxj1532 	 1208 	 1560 	 0.461 	 22.5612 	 0.0585 	 22.4882 	 0.0479 	 22.3355 	 0.0364 	 22.137 	 0.016 	 21.9213 	 0.0141 	 21.8296 	 0.0089 	 21.1735 	 0.0043 	 20.9818 	 0.0052 	 20.7135 	 0.0051 	 20.6662 	 0.0028 	 20.4681 	 0.0055 	 20.3461 	 0.003 	 20.272 	 0.0022 	 20.255 	 0.0033 	 20.1319 	 0.0023 	 20.0373 	 0.002 	
233.2223451 	 30.3305046 	 rxj1532 	 1537 	 376 	 0.526 	 24.8354 	 0.2125 	 24.1625 	 0.1107 	 24.2817 	 0.1032 	 24.3189 	 0.0838 	 24.2002 	 0.05 	 24.2454 	 0.0377 	 23.7254 	 0.0202 	 23.5354 	 0.0243 	 23.2731 	 0.0248 	 23.2076 	 0.0132 	 23.2398 	 0.0299 	 23.0718 	 0.0238 	 -99.0 	 0.0 	 23.1174 	 0.0179 	 23.0856 	 0.0163 	 23.0679 	 0.0172 	
233.2241104 	 30.3252928 	 rxj1532 	 1624 	 1261 	 0.534 	 -99.0 	 0.0 	 23.5875 	 0.1094 	 23.2441 	 0.0658 	 23.2199 	 0.056 	 22.8982 	 0.027 	 22.8319 	 0.0188 	 22.1279 	 0.0084 	 21.9259 	 0.0101 	 21.4718 	 0.0078 	 21.4255 	 0.0044 	 21.2467 	 0.0085 	 21.0539 	 0.0085 	 -99.0 	 0.0 	 20.9786 	 0.006 	 -99.0 	 0.0 	 20.778 	 0.0076 	
233.2449136 	 30.3500353 	 rxj1532 	 888 	 694 	 0.87 	 26.3277 	 0.8493 	 24.8227 	 0.2528 	 24.5206 	 0.156 	 25.3424 	 0.1948 	 25.3444 	 0.1799 	 24.8215 	 0.0866 	 23.9901 	 0.0347 	 23.5778 	 0.0339 	 22.7516 	 0.0201 	 22.5947 	 0.0101 	 22.1242 	 0.0142 	 21.7858 	 0.0076 	 -99.0 	 0.0 	 21.4943 	 0.0062 	 21.2961 	 0.0043 	 21.1428 	 0.0039 	
233.2459382 	 30.3596829 	 rxj1532 	 430 	 1741 	 0.707 	 24.073 	 0.2214 	 23.9701 	 0.1927 	 23.7635 	 0.13 	 23.4728 	 0.0561 	 23.5533 	 0.0569 	 23.1851 	 0.0299 	 22.4506 	 0.0143 	 22.1653 	 0.0152 	 21.335 	 0.0088 	 21.2075 	 0.0045 	 20.9276 	 0.0078 	 20.7125 	 0.0053 	 20.5832 	 0.0028 	 -99.0 	 0.0 	 20.3835 	 0.0045 	 20.2555 	 0.0035 	
322.4137755 	 0.1084973 	 rxj2129 	 81 	 1842 	 0.561 	 23.3952 	 0.1259 	 23.2181 	 0.1113 	 22.9425 	 0.0686 	 22.8016 	 0.0381 	 22.5657 	 0.0322 	 22.4879 	 0.0262 	 21.6968 	 0.0094 	 21.4915 	 0.0129 	 20.9981 	 0.0089 	 20.9433 	 0.0045 	 20.7499 	 0.0082 	 20.5565 	 0.0047 	 -99.0 	 0.0 	 20.4307 	 0.0036 	 20.3024 	 0.0034 	 20.1742 	 0.0027 	
322.41665 	 0.1071107 	 rxj2129 	 130 	 821 	 0.876 	 24.2688 	 0.244 	 24.3173 	 0.1938 	 23.3874 	 0.0716 	 23.4061 	 0.0452 	 23.3568 	 0.0701 	 23.2789 	 0.0337 	 23.0295 	 0.027 	 22.9278 	 0.0404 	 22.2766 	 0.0254 	 22.2387 	 0.011 	 21.9571 	 0.0171 	 21.8823 	 0.0094 	 21.7652 	 0.0065 	 21.6812 	 0.0073 	 21.6138 	 0.0066 	 21.6106 	 0.0059 	
322.4239659 	 0.1062128 	 rxj2129 	 171 	 38 	 0.567 	 26.9797 	 0.497 	 26.1056 	 0.1874 	 26.1791 	 0.1984 	 26.3098 	 0.1193 	 26.7792 	 0.159 	 26.5643 	 0.1188 	 26.2928 	 0.0776 	 25.8711 	 0.086 	 25.6457 	 0.0504 	 25.7969 	 0.0498 	 26.3225 	 0.1549 	 25.9208 	 0.0696 	 26.1437 	 0.0638 	 26.4363 	 0.1013 	 26.1388 	 0.0744 	 26.099 	 0.0659 	
322.4109561 	 0.1056631 	 rxj2129 	 182 	 419 	 0.439 	 24.213 	 0.1264 	 24.3196 	 0.1422 	 24.0544 	 0.0971 	 23.8592 	 0.0529 	 23.8584 	 0.0514 	 23.7142 	 0.0358 	 23.065 	 0.0158 	 22.8038 	 0.0211 	 22.5349 	 0.0188 	 22.5896 	 0.0099 	 22.478 	 0.0189 	 22.4177 	 0.0109 	 22.4155 	 0.0084 	 22.3867 	 0.0097 	 22.2988 	 0.0087 	 22.2529 	 0.0074 	
322.4108595 	 0.1059738 	 rxj2129 	 185 	 807 	 0.994 	 25.1253 	 0.3556 	 24.024 	 0.1528 	 24.1319 	 0.1338 	 23.7171 	 0.059 	 23.7714 	 0.0648 	 23.6089 	 0.0437 	 23.3644 	 0.029 	 23.1657 	 0.0413 	 22.6168 	 0.026 	 22.6066 	 0.0137 	 22.2904 	 0.0226 	 22.1338 	 0.0113 	 22.0002 	 0.0077 	 21.9305 	 0.0087 	 21.8435 	 0.0078 	 21.8162 	 0.0068 	
322.4243677 	 0.1044144 	 rxj2129 	 243 	 746 	 0.524 	 25.0193 	 0.4503 	 -99.0 	 0.0 	 -99.0 	 0.0 	 24.3234 	 0.1433 	 24.5361 	 0.1245 	 24.4233 	 0.0898 	 23.5323 	 0.0349 	 23.3329 	 0.0484 	 22.9218 	 0.0234 	 22.921 	 0.0188 	 22.8013 	 0.0323 	 22.652 	 0.0187 	 22.6299 	 0.0135 	 22.5661 	 0.0163 	 22.5667 	 0.0151 	 22.4568 	 0.0127 	
322.4223173 	 0.1035182 	 rxj2129 	 257 	 276 	 0.608 	 26.7261 	 0.8765 	 99.0 	 26.7833 	 25.5883 	 0.2595 	 25.942 	 0.2116 	 25.7691 	 0.2189 	 25.1862 	 0.0996 	 24.2702 	 0.0358 	 23.9488 	 0.0449 	 23.1171 	 0.0226 	 23.0132 	 0.0106 	 22.8076 	 0.0202 	 22.493 	 0.0096 	 22.3516 	 0.0067 	 22.2092 	 0.007 	 21.9865 	 0.0057 	 21.7851 	 0.0041 	
322.422425 	 0.1040157 	 rxj2129 	 258 	 166 	 0.557 	 26.1898 	 0.4257 	 99.0 	 27.1031 	 25.3474 	 0.1757 	 25.1322 	 0.0786 	 24.8965 	 0.0748 	 24.6487 	 0.045 	 23.8914 	 0.0197 	 23.6232 	 0.0252 	 22.9469 	 0.0103 	 22.868 	 0.0073 	 22.6567 	 0.0126 	 22.472 	 0.0074 	 22.3782 	 0.0057 	 22.2808 	 0.0058 	 22.1359 	 0.0052 	 21.969 	 0.0037 	
322.4055186 	 0.1045152 	 rxj2129 	 262 	 229 	 0.673 	 24.5723 	 0.1175 	 24.4331 	 0.1122 	 24.2704 	 0.076 	 24.2048 	 0.0448 	 24.099 	 0.0426 	 24.1108 	 0.0342 	 23.6902 	 0.02 	 23.5762 	 0.0293 	 23.1877 	 0.0213 	 23.1472 	 0.0115 	 23.0243 	 0.0247 	 23.0259 	 0.0179 	 23.0282 	 0.0103 	 -99.0 	 0.0 	 22.9991 	 0.0178 	 22.9237 	 0.0124 	
322.4224281 	 0.1017164 	 rxj2129 	 270 	 1205 	 0.661 	 24.0006 	 0.195 	 -99.0 	 0.0 	 -99.0 	 0.0 	 23.7174 	 0.1479 	 23.3377 	 0.0487 	 23.1774 	 0.0339 	 22.9402 	 0.0226 	 22.7713 	 0.0312 	 22.3062 	 0.0226 	 22.2295 	 0.0107 	 22.2409 	 0.0209 	 22.0387 	 0.0117 	 22.0138 	 0.0085 	 21.9574 	 0.0101 	 21.9213 	 0.0093 	 21.8296 	 0.0077 	
322.4232185 	 0.1018827 	 rxj2129 	 274 	 3819 	 0.724 	 22.4976 	 0.0942 	 -99.0 	 0.0 	 -99.0 	 0.0 	 22.0524 	 0.0319 	 21.8178 	 0.0219 	 21.7116 	 0.0158 	 21.0558 	 0.0072 	 20.8919 	 0.0104 	 20.262 	 0.0061 	 20.142 	 0.0029 	 19.9393 	 0.0045 	 19.6849 	 0.0027 	 19.5796 	 0.0019 	 19.467 	 0.002 	 19.3488 	 0.0018 	 19.2131 	 0.0014 	
322.412225 	 0.1032029 	 rxj2129 	 282 	 1401 	 0.897 	 24.758 	 0.3558 	 23.7739 	 0.1599 	 24.0618 	 0.1674 	 23.702 	 0.0757 	 23.6575 	 0.0802 	 23.5038 	 0.0531 	 22.9492 	 0.0265 	 22.8907 	 0.0429 	 22.026 	 0.0203 	 21.9114 	 0.0097 	 21.6401 	 0.0163 	 21.3975 	 0.0077 	 21.2196 	 0.0051 	 21.0809 	 0.0054 	 20.9453 	 0.0047 	 20.8526 	 0.0038 	
322.4237273 	 0.1016269 	 rxj2129 	 298 	 1810 	 0.649 	 23.798 	 0.195 	 23.1847 	 0.1085 	 23.1098 	 0.0803 	 22.8158 	 0.0425 	 22.5778 	 0.029 	 22.4786 	 0.0208 	 21.7841 	 0.0095 	 21.6074 	 0.0132 	 21.039 	 0.0082 	 20.9003 	 0.0039 	 20.7205 	 0.0062 	 20.4656 	 0.0037 	 20.3561 	 0.0026 	 20.2349 	 0.0028 	 20.0837 	 0.0024 	 19.9299 	 0.0018 	
322.4274864 	 0.1016898 	 rxj2129 	 325 	 1743 	 0.423 	 99.0 	 25.4797 	 27.0582 	 1.7116 	 24.8265 	 0.3591 	 23.8261 	 0.1022 	 23.2982 	 0.0606 	 22.9203 	 0.0325 	 22.1251 	 0.0136 	 21.7666 	 0.0163 	 21.3196 	 0.0076 	 21.2289 	 0.0056 	 20.9624 	 0.0084 	 20.7293 	 0.0048 	 20.6219 	 0.0034 	 20.5126 	 0.0037 	 20.3456 	 0.0031 	 20.1738 	 0.0023 	
322.4306325 	 0.0964493 	 rxj2129 	 597 	 814 	 0.431 	 24.8597 	 0.3671 	 24.1728 	 0.1936 	 24.1146 	 0.1398 	 23.7482 	 0.068 	 23.8947 	 0.072 	 23.672 	 0.0449 	 23.236 	 0.0263 	 23.0329 	 0.0383 	 22.5627 	 0.0169 	 22.627 	 0.0143 	 22.5093 	 0.0247 	 22.3937 	 0.0146 	 22.3342 	 0.0103 	 22.2814 	 0.0124 	 22.2312 	 0.0111 	 22.1546 	 0.0095 	
322.4384502 	 0.0959694 	 rxj2129 	 622 	 608 	 0.846 	 -99.0 	 0.0 	 23.5764 	 0.0897 	 23.3146 	 0.0642 	 23.3257 	 0.0784 	 23.3453 	 0.035 	 23.307 	 0.0248 	 23.0443 	 0.0172 	 22.9759 	 0.0264 	 22.4257 	 0.0114 	 22.3237 	 0.0085 	 22.1986 	 0.0143 	 22.1596 	 0.0155 	 -99.0 	 0.0 	 21.9594 	 0.0078 	 21.9144 	 0.0096 	 21.9133 	 0.0083 	
322.4002172 	 0.0894087 	 rxj2129 	 895 	 6774 	 0.388 	 22.6032 	 0.1159 	 22.6859 	 0.1253 	 22.4374 	 0.0829 	 21.8768 	 0.0324 	 21.5671 	 0.023 	 21.174 	 0.013 	 20.1989 	 0.0047 	 19.9263 	 0.006 	 19.4458 	 0.0041 	 19.358 	 0.002 	 19.1041 	 0.0037 	 18.8914 	 0.0018 	 -99.0 	 0.0 	 18.6859 	 0.0014 	 18.5076 	 0.0012 	 18.3665 	 0.0009 	
322.4036424 	 0.0879615 	 rxj2129 	 1031 	 617 	 0.42 	 24.3315 	 0.166 	 23.8825 	 0.1189 	 23.5618 	 0.0823 	 23.7777 	 0.0522 	 23.5447 	 0.0433 	 23.4051 	 0.0312 	 22.7959 	 0.0148 	 22.6475 	 0.0212 	 22.3818 	 0.0187 	 22.3449 	 0.0096 	 22.2446 	 0.0194 	 22.1795 	 0.01 	 22.1612 	 0.0075 	 22.1023 	 0.0087 	 22.0327 	 0.0078 	 21.9594 	 0.0066 	
322.4163028 	 0.0843162 	 rxj2129 	 1218 	 257 	 0.879 	 99.0 	 26.4747 	 24.7632 	 0.1897 	 24.4207 	 0.1105 	 24.6724 	 0.0981 	 24.7087 	 0.0831 	 24.3992 	 0.0524 	 24.2258 	 0.0379 	 24.3475 	 0.0721 	 23.6981 	 0.0412 	 23.5736 	 0.0197 	 23.2687 	 0.0348 	 23.3821 	 0.0214 	 23.2976 	 0.0151 	 23.2752 	 0.0179 	 23.1879 	 0.0159 	 23.2573 	 0.0154 	
