#1 	 RA 
#2 	 Dec 
#3 	 clusterName 
#4 	 CLASHID 
#5 	 area 
#6 	 zb_1 
#7 	 F225W_WFC3_PHOTOZ 
#8 	 dF225W_WFC3_PHOTOZ 
#9 	 F275W_WFC3_PHOTOZ 
#10 	 dF275W_WFC3_PHOTOZ 
#11 	 F336W_WFC3_PHOTOZ 
#12 	 dF336W_WFC3_PHOTOZ 
#13 	 F390W_WFC3_PHOTOZ 
#14 	 dF390W_WFC3_PHOTOZ 
#15 	 F435W_ACS_PHOTOZ 
#16 	 dF435W_ACS_PHOTOZ 
#17 	 F475W_ACS_PHOTOZ 
#18 	 dF475W_ACS_PHOTOZ 
#19 	 F606W_ACS_PHOTOZ 
#20 	 dF606W_ACS_PHOTOZ 
#21 	 F625W_ACS_PHOTOZ 
#22 	 dF625W_ACS_PHOTOZ 
#23 	 F775W_ACS_PHOTOZ 
#24 	 dF775W_ACS_PHOTOZ 
#25 	 F814W_ACS_PHOTOZ 
#26 	 dF814W_ACS_PHOTOZ 
#27 	 F850LP_ACS_PHOTOZ 
#28 	 dF850LP_ACS_PHOTOZ 
#29 	 F105W_WFC3_PHOTOZ 
#30 	 dF105W_WFC3_PHOTOZ 
#31 	 F110W_WFC3_PHOTOZ 
#32 	 dF110W_WFC3_PHOTOZ 
#33 	 F125W_WFC3_PHOTOZ 
#34 	 dF125W_WFC3_PHOTOZ 
#35 	 F140W_WFC3_PHOTOZ 
#36 	 dF140W_WFC3_PHOTOZ 
#37 	 F160W_WFC3_PHOTOZ 
#38 	 dF160W_WFC3_PHOTOZ
22.9813   -13.5959   a209   clash_a209_nir_0193   1386   1.025   99.0   25.462   26.41   0.641   25.61   0.405   25.202   0.124   24.863   0.076   24.797   0.054   24.203   0.024   24.135   0.034   23.4   0.021   23.261   0.02   22.841   0.02   22.633   0.02   22.476   0.02   22.246   0.02   22.056   0.02   21.954   0.02
22.973   -13.5973   a209   clash_a209_nir_0267   978   0.911   99.0   25.462   25.731   0.351   24.954   0.198   25.833   0.251   25.651   0.19   25.214   0.086   25.016   0.053   24.688   0.059   23.929   0.036   23.765   0.02   23.515   0.032   23.299   0.02   23.182   0.02   22.989   0.02   22.837   0.02   22.761   0.02
22.9783   -13.6122   a209   clash_a209_nir_1471   2176   0.574   24.035   0.099   24.636   0.162   23.57   0.072   23.511   0.027   23.346   0.024   23.201   0.02   22.693   0.02   22.506   0.02   22.152   0.02   22.115   0.02   22.048   0.02   21.921   0.02   21.874   0.02   21.798   0.02   21.693   0.02   21.604   0.02
22.9697   -13.6216   a209   clash_a209_nir_2154   1994   0.546   24.218   0.101   24.261   0.102   23.957   0.157   23.837   0.03   23.805   0.652   23.724   0.024   23.307   0.02   23.122   0.02   22.865   0.02   22.88   0.02   22.845   0.02   22.777   0.02   22.768   0.02   22.734   0.02   22.677   0.02   22.628   0.02
22.9816   -13.6211   a209   clash_a209_nir_2134   1418   0.86   22.446   0.02   22.354   0.02   22.13   0.02   22.124   0.02   22.078   0.02   22.105   0.02   21.989   0.02   21.938   0.02   21.744   0.02   21.661   0.02   21.53   0.02   21.676   0.02   21.497   0.02   21.387   0.02   21.379   0.02   21.532   0.02
22.9797   -13.6233   a209   clash_a209_nir_2238   2056   0.424   22.758   0.023   22.607   0.02   22.429   0.02   22.393   0.02   22.246   0.02   22.142   0.02   21.717   0.02   21.557   0.02   21.366   0.02   21.346   0.02   21.271   0.02   21.282   0.02   21.263   0.02   21.231   0.02   21.16   0.02   21.13   0.02
22.9618   -13.6241   a209   clash_a209_nir_2276   906   0.971   24.751   0.172   25.497   0.314   24.579   0.183   24.747   0.084   24.84   0.083   24.804   0.061   24.619   0.037   24.549   0.053   24.003   0.041   23.905   0.021   23.492   0.032   23.515   0.02   23.442   0.02   23.342   0.02   23.336   0.02   23.32   0.02
22.9676   -13.6262   a209   clash_a209_nir_2369   875   0.712   26.99   1.041   25.718   0.336   24.693   0.166   25.108   0.124   25.033   0.091   24.855   0.057   24.41   0.027   24.274   0.034   23.844   0.028   23.758   0.02   23.638   0.031   23.507   0.02   23.401   0.02   23.314   0.02   23.161   0.02   23.096   0.02
22.9716   -13.5945   a209   clash_a209_nir_0147   640   0.902   25.158   0.187   25.593   0.291   25.343   0.272   25.519   1.713   25.159   0.114   24.978   0.104   25.019   0.048   25.076   0.083   24.279   0.048   24.266   0.027   24.064   0.057   24.099   0.02   24.079   0.02   23.941   0.02   23.902   0.02   23.883   0.02
22.9686   -13.6156   a209   clash_a209_nir_1775   424   1.093   26.246   0.413   25.319   0.191   24.017   0.061   23.899   0.024   23.765   0.02   23.646   0.02   23.256   0.02   23.169   0.02   22.752   0.02   22.66   0.02   22.389   0.02   22.195   0.02   22.105   0.02   21.993   0.02   21.795   0.02   21.642   0.02
42.0118   -3.5244   a383   clash_a383_nir_0949   4947   0.673   23.511   0.08   23.142   0.046   22.88   0.042   22.803   0.02   22.382   0.02   22.141   0.02   21.473   0.02   21.296   0.02   20.681   0.02   20.602   0.02   20.395   0.02   20.103   0.02   19.992   0.02   19.874   0.02   19.712   0.02   19.539   0.02
42.0036   -3.5153   a383   clash_a383_nir_0287   714   0.981   26.226   0.68   25.408   0.263   25.379   0.225   25.055   0.114   25.206   0.097   25.119   0.073   25.076   0.051   24.968   0.065   24.369   0.044   24.337   0.026   24.104   0.046   23.985   0.02   23.893   0.02   23.837   0.02   23.739   0.02   23.714   0.02
42.0038   -3.5163   a383   clash_a383_nir_0420   1589   0.583   24.849   0.173   24.534   0.117   24.638   0.103   24.293   0.042   24.061   0.033   23.768   0.02   23.16   0.02   22.965   0.02   22.462   0.02   22.422   0.02   22.331   0.02   22.127   0.02   22.06   0.02   21.983   0.02   21.839   0.02   21.727   0.02
42.0189   -3.5226   a383   clash_a383_nir_0783   2311   0.858   25.583   0.394   24.473   0.134   24.311   0.099   24.097   0.045   23.898   0.034   23.556   0.02   23.002   0.02   22.802   0.02   22.104   0.02   21.943   0.02   21.633   0.02   21.378   0.02   21.22   0.02   21.021   0.02   20.869   0.02   20.755   0.02
42.0005   -3.532   a383   clash_a383_nir_1683   2224   0.629   24.15   0.115   24.034   0.091   23.707   0.058   23.628   0.026   23.303   0.02   23.187   0.02   22.686   0.02   22.506   0.02   22.111   0.02   22.075   0.02   21.975   0.02   21.844   0.02   21.788   0.02   21.71   0.02   21.604   0.02   21.486   0.02
42.0016   -3.5322   a383   clash_a383_nir_1465   2382   0.662   24.052   0.098   23.7   0.061   23.403   0.05   23.263   0.026   23.06   0.02   22.888   0.02   22.349   0.02   22.195   0.02   21.691   0.02   21.644   0.02   21.503   0.02   21.315   0.02   21.254   0.02   21.162   0.02   21.034   0.02   20.901   0.02
42.0058   -3.5347   a383   clash_a383_nir_1571   1943   0.91   24.945   0.218   25.158   0.229   25.058   0.178   24.576   0.066   24.518   0.057   24.478   0.043   24.017   0.022   23.882   0.027   23.093   0.02   22.992   0.02   22.726   0.02   22.533   0.02   22.408   0.02   22.264   0.02   22.156   0.02   22.095   0.02
42.0072   -3.536   a383   clash_a383_nir_1670   1637   0.414   23.962   0.077   23.767   0.054   23.447   0.04   23.393   0.02   23.185   0.02   23.011   0.02   22.493   0.02   22.374   0.02   22.146   0.02   22.102   0.02   21.985   0.02   21.941   0.02   21.89   0.02   21.828   0.02   21.738   0.02   21.69   0.02
42.0081   -3.538   a383   clash_a383_nir_1808   1164   0.952   25.687   0.311   25.542   0.254   24.528   0.091   24.331   0.038   24.29   0.035   24.172   0.025   23.949   0.02   23.84   0.02   23.246   0.02   23.164   0.02   22.985   0.02   22.893   0.02   22.741   0.02   22.605   0.02   22.511   0.02   22.509   0.02
42.0105   -3.5412   a383   clash_a383_nir_1946   1521   0.27   23.663   0.054   23.707   0.053   23.651   0.046   23.828   0.034   23.428   0.02   23.281   0.02   22.841   0.02   22.765   0.02   22.6   0.02   22.595   0.02   22.537   0.02   22.567   0.02   22.546   0.02   22.5   0.02   22.475   0.02   22.452   0.02
42.0221   -3.5129   a383   clash_a383_nir_0169   209   0.917   26.893   0.78   99.0   25.55   26.908   0.569   27.592   0.615   28.095   0.802   27.166   0.286   26.329   0.098   26.19   0.125   25.154   0.057   24.958   0.029   24.546   0.044   24.279   0.02   24.036   0.02   23.81   0.02   23.565   0.02   23.391   0.02
42.0075   -3.5376   a383   clash_a383_nir_1789   628   0.85   25.299   0.201   24.921   0.115   24.698   0.1   24.856   0.061   24.588   0.039   24.611   0.032   24.513   0.021   24.394   0.028   23.898   0.02   23.83   0.02   23.702   0.022   23.721   0.02   23.634   0.02   23.581   0.02   23.55   0.02   23.59   0.02
42.0195   -3.5246   a383   clash_a383_nir_0936   1258   0.916   26.164   0.442   25.344   0.207   24.601   0.08   24.397   0.039   24.19   0.031   24.12   0.022   23.826   0.02   23.77   0.02   23.049   0.02   22.944   0.02   22.732   0.02   22.635   0.02   22.508   0.02   22.385   0.02   22.285   0.02   22.249   0.02
120.2392   36.0727   a611   clash_a611_nir_0201   203   0.746   25.747   0.319   25.231   0.206   25.171   0.135   25.062   0.074   24.945   0.069   24.916   0.051   24.897   0.032   24.364   0.033   24.273   0.021   24.223   0.04   24.355   0.02   24.244   0.02   24.227   0.02   24.123   0.066   24.157   0.02   24.226   0.02
120.245   36.0703   a611   clash_a611_nir_0296   950   0.94   27.862   3.413   29.058   9.189   25.741   0.366   25.624   0.161   25.718   0.246   26.207   3.116   24.982   0.052   23.76   0.036   23.687   0.02   23.322   0.031   23.027   0.02   22.801   0.02   22.627   0.02   22.569   0.024   22.382   0.02   22.148   0.02
120.2329   36.0665   a611   clash_a611_nir_0428   1285   0.953   99.0   25.172   99.0   25.261   99.0   25.564   28.127   1.626   31.443   35.531   25.375   0.1   24.398   0.03   23.002   0.02   22.812   0.02   22.354   0.02   21.95   0.02   21.721   0.02   21.483   0.02   21.465   0.02   21.234   0.02   21.027   0.02
120.228   36.0641   a611   clash_a611_nir_0549   2104   0.964   25.04   0.464   25.396   0.557   25.005   0.322   24.241   0.077   24.459   0.107   24.077   0.05   23.352   0.02   22.352   0.02   22.131   0.02   21.74   0.02   21.391   0.02   21.18   0.02   21.007   0.02   20.992   0.02   20.79   0.02   20.629   0.02
120.2473   36.0637   a611   clash_a611_nir_0611   903   0.399   25.194   0.307   24.553   0.149   24.908   0.174   24.57   0.06   24.247   0.046   24.043   0.029   23.414   0.02   23.027   0.02   23.016   0.02   22.881   0.02   22.833   0.02   22.809   0.02   22.747   0.02   22.694   0.026   22.687   0.02   22.645   0.02
120.2373   36.0609   a611   clash_a611_nir_0701   1581   0.908   24.377   0.166   24.137   0.123   23.861   0.075   23.855   0.041   23.864   0.043   23.91   0.033   23.626   0.02   22.846   0.02   22.773   0.02   22.555   0.02   22.535   0.02   22.487   0.02   22.403   0.02   21.892   0.02   22.313   0.02   22.268   0.02
120.2092   36.0578   a611   clash_a611_nir_0874   785   5.039   24.578   0.2   25.832   0.545   25.193   0.227   24.79   0.089   24.35   0.059   24.337   0.045   25.97   0.02   23.135   0.02   23.104   0.02   23.079   0.025   99.0   28.059   23.006   0.02   99.0   28.108   22.709   0.04   22.896   0.02   22.802   0.02
120.2512   36.0504   a611   clash_a611_nir_1346   477   0.667   24.899   0.163   24.661   0.127   24.667   0.106   24.552   0.056   24.599   0.052   24.491   0.035   24.239   0.021   23.854   0.025   23.802   0.02   23.677   0.03   23.71   0.02   23.765   0.02   23.711   0.02   23.585   0.045   23.689   0.02   23.599   0.02
120.2439   36.0579   a611   clash_a611_nir_1297   172   1.164   25.72   0.176   25.874   0.198   25.285   0.101   25.35   0.052   25.349   0.052   25.207   0.035   25.301   0.029   25.151   0.047   25.174   0.027   25.138   0.053   24.877   0.02   25.031   0.02   25.405   0.024   25.361   0.115   25.024   0.02   24.939   0.02
52.424   -2.1772   macs0329   clash_macs0329_nir_0069   1197   0.75   25.028   0.241   24.922   0.229   24.309   0.102   24.28   0.067   23.961   0.043   23.918   0.032   23.25   0.02   23.192   0.02   22.457   0.02   22.368   0.02   22.222   0.02   21.93   0.02   21.834   0.02   21.788   0.02   21.563   0.02   21.433   0.02
52.4303   -2.1818   macs0329   clash_macs0329_nir_0206   802   0.828   25.171   0.216   24.786   0.166   24.458   0.098   24.587   0.071   24.388   0.053   24.242   0.035   23.837   0.02   23.834   0.026   23.119   0.02   23.047   0.02   22.884   0.02   22.747   0.02   22.702   0.02   22.578   0.02   22.523   0.02   22.463   0.02
52.415   -2.2147   macs0329   clash_macs0329_nir_1965   211   0.745   26.063   0.396   25.749   0.288   25.579   0.168   25.839   0.133   25.395   0.082   25.857   0.101   25.358   0.045   25.191   0.052   24.868   0.05   24.795   0.027   24.711   0.056   24.471   0.02   24.466   0.02   24.531   0.02   24.331   0.02   24.413   0.02
52.4349   -2.205   macs0329   clash_macs0329_nir_1654   114   0.938   31.181   31.759   29.28   5.667   28.401   1.976   26.814   0.221   26.597   0.166   26.501   0.11   26.401   0.074   26.895   0.167   25.958   0.097   25.977   0.053   25.849   0.103   25.855   0.041   25.807   0.035   25.739   0.033   25.592   0.025   25.622   0.026
52.432   -2.1924   macs0329   clash_macs0329_nir_0813   102   0.842   27.974   1.343   99.0   25.181   26.842   0.415   26.881   0.207   26.05   0.104   26.517   0.115   26.178   0.061   26.33   0.102   26.004   0.084   25.797   0.044   25.729   0.09   25.703   0.032   25.732   0.029   25.647   0.028   25.673   0.024   25.851   0.029
52.4211   -2.1947   macs0329   clash_macs0329_nir_0970   425   0.23   99.0   25.046   25.651   0.282   23.068   0.02   22.794   0.02   27.602   0.783   26.065   0.143   25.064   0.041   24.863   0.056   24.337   0.037   24.26   0.02   24.229   0.045   23.954   0.02   23.82   0.02   23.762   0.02   23.695   0.02   23.594   0.02
64.0233   -24.0714   macs0416   clash_macs0416_nir_0995   1790   0.101   24.201   0.121   23.888   0.129   23.871   0.103   23.649   0.04   23.536   0.034   23.499   0.021   23.132   0.02   23.007   0.02   22.47   0.02   22.437   0.02   22.315   0.02   22.197   0.02   22.147   0.02   22.045   0.02   21.984   0.02   21.922   0.02
64.0503   -24.0727   macs0416   clash_macs0416_nir_1086   1553   0.265   24.572   0.173   24.335   0.163   24.034   0.106   24.021   0.047   23.708   0.03   23.625   0.02   23.151   0.02   22.962   0.02   22.459   0.02   22.406   0.02   22.256   0.02   22.088   0.02   22.026   0.02   21.899   0.02   21.782   0.02   21.682   0.02
64.0156   -24.0769   macs0416   clash_macs0416_nir_1397   1200   0.86   24.572   0.138   23.998   0.103   23.682   0.067   23.662   0.028   23.587   0.023   23.52   0.02   23.45   0.02   23.426   0.02   22.879   0.02   22.836   0.02   22.688   0.02   22.657   0.02   22.567   0.02   22.467   0.02   22.434   0.02   22.473   0.02
64.0265   -24.0809   macs0416   clash_macs0416_nir_1624   3793   0.616   25.145   0.308   24.511   0.238   24.322   0.145   24.321   0.071   24.075   0.047   23.649   0.022   22.78   0.02   22.593   0.02   21.73   0.02   21.634   0.02   21.406   0.02   21.091   0.02   20.964   0.02   20.79   0.02   20.631   0.02   20.45   0.02
64.0441   -24.0873   macs0416   clash_macs0416_nir_2009   483   0.698   99.0   25.058   27.809   2.357   25.803   0.278   26.088   0.142   25.939   0.128   26.038   0.108   25.35   0.042   25.192   0.048   24.562   0.033   24.517   0.02   24.381   0.035   24.341   0.02   24.22   0.02   24.172   0.02   24.108   0.02   24.086   0.02
64.0246   -24.0736   macs0416   clash_macs0416_nir_1182   322   0.849   25.683   0.299   25.28   0.257   24.943   0.148   25.334   0.104   25.294   0.079   25.1   0.055   25.009   0.04   25.206   0.067   24.725   0.054   24.672   0.026   24.494   0.051   24.689   0.02   24.532   0.02   24.481   0.02   24.502   0.02   24.516   0.02
64.054   -24.0725   macs0416   clash_macs0416_nir_1083   579   0.122   25.428   0.269   24.718   0.164   25.114   0.193   24.74   0.064   24.616   0.054   24.51   0.031   24.15   0.02   23.963   0.021   23.522   0.02   23.512   0.02   23.498   0.022   23.476   0.02   23.449   0.02   23.349   0.02   23.327   0.02   23.291   0.02
64.0294   -24.0669   macs0416   clash_macs0416_nir_0710   77   0.631   27.18   0.737   28.933   4.325   27.068   0.632   26.8   0.212   27.612   0.466   27.149   0.237   26.563   0.105   26.739   0.158   25.997   0.098   25.919   0.053   26.165   0.148   25.835   0.035   25.803   0.027   25.751   0.03   25.758   0.028   25.666   0.026
64.0353   -24.0596   macs0416   clash_macs0416_nir_0320   139   0.423   26.475   0.402   26.293   0.452   25.941   0.227   26.375   0.171   26.112   0.137   25.988   0.109   25.711   0.047   25.962   0.101   25.307   0.062   25.264   0.033   25.394   0.09   25.333   0.024   25.363   0.02   25.368   0.023   25.248   0.02   25.243   0.02
64.0406   -24.0635   macs0416   clash_macs0416_nir_0554   128   2.566   99.0   25.058   26.451   0.392   26.879   0.456   26.34   0.106   26.373   0.116   26.255   0.069   26.375   0.058   26.336   0.079   26.19   0.081   26.348   0.053   26.336   0.126   26.448   0.043   26.389   0.034   26.389   0.039   26.227   0.031   26.155   0.03
67.3898   -2.874   macs0429   clash_macs0429_nir_0467   1555   0.774   24.52   0.269   23.835   0.12   23.508   0.067   23.534   0.034   23.373   0.023   23.256   0.02   22.81   0.02   22.689   0.02   21.928   0.02   21.89   0.02   21.761   0.02   21.695   0.02   21.629   0.02   21.542   0.02   21.482   0.02   21.419   0.02
67.3892   -2.8741   macs0429   clash_macs0429_nir_0468   2110   0.765   24.59   0.243   24.752   0.234   24.16   0.105   23.951   0.045   23.712   0.026   23.447   0.02   22.709   0.02   22.511   0.02   21.454   0.02   21.376   0.02   21.116   0.02   20.865   0.02   20.76   0.02   20.619   0.02   20.501   0.02   20.374   0.02
67.4085   -2.8754   macs0429   clash_macs0429_nir_0509   2196   0.527   25.612   0.585   24.518   0.215   24.466   0.191   24.338   0.069   23.829   0.035   23.516   0.02   22.506   0.02   22.271   0.02   21.629   0.02   21.532   0.02   21.276   0.02   21.03   0.02   20.868   0.02   20.712   0.02   20.537   0.02   20.397   0.02
67.406   -2.881   macs0429   clash_macs0429_nir_0882   4352   0.527   23.943   0.219   23.841   0.167   23.521   0.114   23.473   0.053   23.205   0.033   22.869   0.02   21.907   0.02   21.68   0.02   21.051   0.02   20.941   0.02   20.705   0.02   20.455   0.02   20.343   0.02   20.219   0.02   20.046   0.02   19.895   0.02
67.4003   -2.8847   macs0429   clash_macs0429_nir_0961   1380   0.135   22.647   0.059   22.829   0.056   22.657   0.039   22.453   0.02   22.298   0.02   22.058   0.02   21.668   0.02   21.572   0.02   21.395   0.02   21.275   0.02   21.049   0.02   20.992   0.02   20.907   0.02   20.786   0.02   20.614   0.02   20.509   0.02
67.4   -2.8852   macs0429   clash_macs0429_nir_0998   12445   0.41   22.137   0.08   22.019   0.06   22.195   0.039   21.922   0.02   21.416   0.02   20.896   0.03   20.0   0.03   19.676   0.03   19.238   0.03   19.08   0.03   18.731   0.03   18.583   0.03   18.485   0.03   18.303   0.03   18.307   0.03   17.986   0.03
67.4011   -2.9038   macs0429   clash_macs0429_nir_2192   1113   1.005   24.797   0.287   24.143   0.144   21.954   0.02   23.811   0.037   23.719   0.027   23.649   0.021   23.397   0.02   23.363   0.02   22.875   0.02   22.796   0.02   22.559   0.02   22.498   0.02   22.338   0.02   22.218   0.02   22.162   0.02   22.157   0.02
67.3864   -2.8915   macs0429   clash_macs0429_nir_1492   5680   0.732   23.766   0.258   24.371   0.366   24.648   0.377   24.217   0.127   23.867   0.069   23.396   0.036   22.548   0.02   22.351   0.02   21.404   0.02   21.296   0.02   20.979   0.02   20.642   0.02   20.483   0.02   20.315   0.02   20.141   0.02   19.973   0.02
67.4165   -2.8828   macs0429   clash_macs0429_nir_1030   813   0.619   25.077   0.324   24.893   0.243   24.728   0.17   24.786   0.103   24.697   0.071   24.658   0.057   24.055   0.02   23.935   0.03   23.459   0.024   23.333   0.02   23.321   0.025   23.188   0.02   23.115   0.02   23.144   0.02   22.976   0.02   22.929   0.02
109.3767   37.7535   macs0717   clash_macs0717_nir_0929   571   0.774   99.0   24.982   28.313   3.614   26.527   0.594   26.971   0.452   26.457   0.288   26.305   0.179   26.602   0.18   25.981   0.095   25.478   0.096   24.566   0.054   24.611   0.02   24.181   0.041   24.075   0.02   24.036   0.02   23.87   0.02   23.776   0.02
109.3914   37.7364   macs0717   clash_macs0717_nir_2118   2426   0.836   28.654   9.948   24.337   0.164   24.027   0.106   24.205   0.062   24.081   0.049   23.986   0.033   23.727   0.022   23.336   0.02   23.203   0.02   22.395   0.02   22.336   0.02   22.153   0.02   21.916   0.02   21.806   0.02   21.702   0.02   21.567   0.02
109.3851   37.7324   macs0717   clash_macs0717_nir_2230   2438   1.093   24.558   0.289   23.792   0.109   23.562   0.074   23.387   0.036   23.378   0.033   23.177   0.02   23.104   0.02   22.902   0.02   22.873   0.02   22.249   0.02   22.159   0.02   21.908   0.02   21.69   0.02   21.6   0.02   21.498   0.02   21.364   0.02
109.3879   37.7631   macs0717   clash_macs0717_nir_0322   303   0.988   26.13   0.432   26.328   0.506   25.805   0.253   25.78   0.156   25.42   0.105   25.819   0.104   25.566   0.06   25.538   0.058   25.62   0.097   24.831   0.055   24.896   0.022   24.864   0.076   24.635   0.02   24.528   0.02   24.54   0.02   24.48   0.02
109.3719   37.7419   macs0717   clash_macs0717_nir_1802   2929   0.784   26.731   1.379   27.412   2.255   25.808   0.444   25.366   0.154   24.785   0.081   24.574   0.053   24.138   0.03   23.477   0.02   23.263   0.02   22.014   0.02   21.854   0.02   21.393   0.02   21.122   0.02   20.999   0.02   20.863   0.02   20.721   0.02
109.3657   37.7501   macs0717   clash_macs0717_nir_1205   229   1.094   25.734   0.248   99.0   25.187   25.563   0.155   25.274   0.065   25.219   0.06   25.11   0.044   25.177   0.038   25.07   0.03   25.234   0.05   24.671   0.041   24.684   0.02   24.439   0.04   24.556   0.02   24.468   0.02   24.441   0.02   24.381   0.02
116.2362   39.4586   macs0744   clash_macs0744_nir_1279   1445   1.039   24.391   0.155   24.149   2.496   23.576   0.065   23.533   0.025   23.45   0.025   23.388   0.02   23.515   0.02   23.209   0.02   22.398   0.02   22.331   0.02   22.105   0.02   22.027   0.02   21.951   0.02   21.852   0.02   21.781   0.02   21.776   0.02
116.2132   39.4407   macs0744   clash_macs0744_nir_2628   2254   2.335   24.08   0.122   23.56   0.062   23.073   0.04   23.068   0.02   23.067   0.02   22.851   0.02   22.943   0.02   22.426   0.02   21.652   0.02   21.652   0.02   21.457   0.02   21.28   0.02   21.192   0.02   21.059   0.02   20.929   0.02   20.784   0.02
116.2122   39.4707   macs0744   clash_macs0744_nir_0397   185   0.436   26.613   0.387   27.86   1.026   99.0   25.594   99.0   26.371   99.0   26.406   99.0   26.744   27.675   0.177   26.98   0.103   25.861   0.081   25.805   0.026   25.36   0.061   25.35   0.02   25.226   0.02   25.221   0.02   25.092   0.02   24.999   0.02
116.2252   39.4446   macs0744   clash_macs0744_nir_2407   2537   4.678   22.604   0.033   22.461   0.025   22.273   0.02   22.261   0.02   22.157   0.02   22.148   0.02   22.358   0.02   21.911   0.02   21.358   0.02   21.394   0.02   21.267   0.02   21.098   0.02   21.023   0.02   20.896   0.02   20.767   0.02   20.592   0.02
116.2264   39.4611   macs0744   clash_macs0744_nir_1074   446   1.098   25.379   0.303   25.786   0.35   25.114   0.173   25.312   0.115   25.498   0.142   25.329   0.088   25.324   0.044   25.255   0.065   24.791   0.062   24.634   0.02   24.475   0.064   24.318   0.02   24.278   0.02   24.183   0.02   24.078   0.02   24.095   0.02
116.2373   39.4483   macs0744   clash_macs0744_nir_2131   334   1.003   26.273   0.529   25.751   0.231   25.187   0.131   25.162   0.058   25.103   0.063   24.971   0.038   25.212   0.03   24.992   0.028   24.376   0.031   24.315   0.02   24.213   0.033   24.172   0.02   24.035   0.02   24.011   0.02   23.921   0.02   23.965   0.02
116.2386   39.4489   macs0744   clash_macs0744_nir_2067   926   0.007   24.576   0.196   24.506   0.142   24.081   0.085   24.128   0.059   24.017   0.041   23.885   0.026   24.109   0.02   23.873   0.02   23.317   0.021   23.288   0.02   23.148   0.022   23.119   0.02   23.05   0.02   22.988   0.02   22.898   0.02   22.941   0.02
116.2208   39.4552   macs0744   clash_macs0744_nir_1769   66   3.307   27.89   0.891   99.0   25.253   30.664   7.437   30.856   4.748   29.418   1.232   27.688   0.213   28.67   0.296   27.849   0.149   27.472   0.219   27.68   0.086   27.468   0.267   27.604   0.083   27.52   0.089   27.216   0.079   27.314   0.058   27.09   0.058
116.2444   39.4581   macs0744   clash_macs0744_nir_1357   347   1.028   99.0   25.118   25.752   0.294   25.373   0.197   25.442   0.112   25.295   0.083   25.348   0.061   25.553   0.046   25.302   0.042   24.625   0.041   24.53   0.02   24.293   0.038   24.204   0.02   24.126   0.02   24.068   0.02   23.949   0.02   24.004   0.02
168.9726   1.5104   macs1115   clash_macs1115_nir_0332   2333   0.629   25.223   0.36   24.521   0.149   24.053   0.094   23.88   0.044   23.6   0.034   23.377   0.024   22.597   0.02   22.374   0.02   21.784   0.02   21.718   0.02   21.476   0.02   21.227   0.02   21.092   0.02   20.995   0.02   20.822   0.02   20.666   0.02
168.9586   1.5027   macs1115   clash_macs1115_nir_0733   1243   0.837   26.097   0.692   99.0   24.999   23.618   0.063   25.505   0.21   25.377   0.152   25.224   0.106   24.486   0.038   24.222   0.048   23.349   0.025   23.266   0.02   22.924   0.02   22.671   0.02   22.43   0.02   22.312   0.02   22.139   0.02   22.017   0.02
168.9537   1.4911   macs1115   clash_macs1115_nir_1387   1078   0.615   27.206   1.798   25.154   0.241   24.635   0.147   24.568   0.068   24.313   0.045   23.929   0.028   23.378   0.02   23.204   0.02   22.68   0.02   22.651   0.02   22.503   0.02   22.365   0.02   22.23   0.02   22.193   0.02   22.066   0.02   21.934   0.02
168.9755   1.4897   macs1115   clash_macs1115_nir_1412   3560   0.71   24.536   0.272   24.421   0.194   24.432   0.179   23.991   0.1   23.812   0.058   23.698   0.038   22.921   0.02   22.72   0.02   21.988   0.02   21.898   0.02   21.664   0.02   21.398   0.02   21.267   0.02   21.152   0.02   21.034   0.02   20.912   0.02
168.9637   1.4891   macs1115   clash_macs1115_nir_1467   1165   0.655   25.625   0.499   25.478   0.362   25.311   0.292   24.74   0.091   24.799   0.085   24.531   0.055   24.029   0.026   23.936   0.038   23.348   0.026   23.401   0.02   23.288   0.029   23.186   0.02   23.068   0.02   23.118   0.02   23.033   0.02   22.924   0.02
168.9739   1.4848   macs1115   clash_macs1115_nir_1694   870   0.75   24.494   0.135   24.347   0.094   23.968   0.067   24.018   0.034   23.902   0.028   23.941   0.024   23.518   0.02   23.507   0.02   22.983   0.02   22.957   0.02   22.856   0.02   22.829   0.02   22.76   0.02   22.691   0.02   22.673   0.02   22.634   0.02
168.9523   1.5056   macs1115   clash_macs1115_nir_0594   31   0.902   27.771   0.901   27.792   0.707   26.865   0.301   26.82   0.217   26.861   0.137   27.104   0.162   26.755   0.082   27.073   0.16   26.289   0.097   26.212   0.05   26.155   0.115   26.318   0.039   26.012   0.035   26.051   0.036   26.19   0.037   26.236   0.034
168.9637   1.4868   macs1115   clash_macs1115_nir_1564   397   0.85   25.852   0.524   25.596   0.317   25.254   0.198   25.075   0.094   25.064   0.083   24.884   0.064   24.837   0.042   24.801   0.063   24.47   0.055   24.356   0.029   24.309   0.059   24.191   0.02   24.134   0.021   24.205   0.02   24.136   0.02   24.204   0.02
168.98   1.5066   macs1115   clash_macs1115_nir_0535   915   0.937   26.819   1.225   25.176   0.198   24.33   0.083   24.337   0.044   24.139   0.04   24.056   0.031   23.814   0.02   23.764   0.026   23.104   0.02   23.046   0.02   22.833   0.02   22.747   0.02   22.592   0.02   22.513   0.02   22.426   0.02   22.435   0.02
168.9571   1.4863   macs1115   clash_macs1115_nir_1612   185   0.766   99.0   25.127   99.0   24.999   26.674   0.635   26.582   0.299   26.834   0.348   26.356   0.208   25.965   0.098   26.165   0.192   25.506   0.114   25.308   0.056   25.143   0.107   25.367   0.041   25.24   0.045   25.254   0.042   25.395   0.046   25.246   0.035
177.3934   22.4126   macs1149   clash_macs1149_nir_0415   1824   1.119   24.87   0.135   24.24   0.082   24.032   0.052   24.011   0.03   23.964   0.03   23.786   0.021   23.556   0.02   23.465   0.02   22.656   0.02   22.446   0.02   22.065   0.02   21.728   0.02   21.54   0.02   21.341   0.02   21.158   0.02   21.04   0.02
177.4063   22.4066   macs1149   clash_macs1149_nir_0685   1283   0.732   25.143   0.238   24.895   0.177   25.019   0.151   24.822   0.072   24.861   0.079   24.797   0.08   24.241   0.027   24.194   0.036   23.636   0.025   23.545   0.02   23.443   0.032   23.268   0.02   23.243   0.02   23.123   0.02   23.086   0.02   23.032   0.02
177.4152   22.4023   macs1149   clash_macs1149_nir_0975   399   0.188   99.0   25.783   26.795   0.687   26.191   0.3   28.251   1.132   26.554   0.241   26.419   0.177   25.328   0.047   25.237   0.061   24.679   0.044   24.566   0.02   24.357   0.046   24.33   0.02   24.203   0.02   24.128   0.02   24.057   0.02   24.072   0.02
177.3969   22.3981   macs1149   clash_macs1149_nir_1244   212   0.499   25.572   0.233   25.734   0.258   25.924   0.237   26.771   0.292   27.187   0.456   26.883   0.289   25.68   0.071   25.754   0.104   25.155   0.073   25.116   0.03   24.989   0.08   25.031   0.028   25.086   0.025   24.941   0.03   24.893   0.024   24.849   0.026
177.3998   22.3973   macs1149   clash_macs1149_nir_1108   2477   0.593   26.543   0.671   26.043   0.397   24.991   0.119   24.552   0.046   24.359   0.038   23.802   0.02   22.593   0.02   22.338   0.02   21.423   0.02   21.284   0.02   21.015   0.02   20.78   0.02   20.642   0.02   20.481   0.02   20.306   0.02   20.153   0.02
177.3912   22.3927   macs1149   clash_macs1149_nir_1572   2276   0.546   25.863   0.376   24.776   0.144   25.065   0.143   24.428   0.047   24.313   0.042   24.003   0.025   23.107   0.02   22.853   0.02   22.256   0.02   22.149   0.02   21.911   0.02   21.678   0.02   21.544   0.02   21.407   0.02   21.214   0.02   21.055   0.02
177.3953   22.3901   macs1149   clash_macs1149_nir_1728   625   0.933   26.087   0.39   25.889   0.302   26.576   0.438   25.728   0.116   25.285   0.076   25.535   0.079   25.179   0.044   25.082   0.056   24.256   0.032   24.157   0.02   23.871   0.031   23.652   0.02   23.57   0.02   23.434   0.02   23.314   0.02   23.27   0.02
177.3965   22.3833   macs1149   clash_macs1149_nir_2031   572   0.846   26.084   0.293   26.143   0.282   24.965   0.076   24.893   0.041   24.889   0.039   24.653   0.027   24.285   0.02   24.207   0.02   23.522   0.02   23.418   0.02   23.21   0.02   23.066   0.02   22.91   0.02   22.748   0.02   22.651   0.02   22.591   0.02
177.4023   22.3798   macs1149   clash_macs1149_nir_2187   2078   0.929   26.637   1.021   99.0   25.871   25.084   0.177   25.805   0.196   25.179   0.11   24.972   0.076   23.881   0.021   23.747   0.026   22.634   0.02   22.482   0.02   22.061   0.02   21.631   0.02   21.427   0.02   21.204   0.02   20.954   0.02   20.718   0.02
177.4047   22.3788   macs1149   clash_macs1149_nir_2230   483   0.856   25.5   0.21   25.14   0.141   24.896   0.086   24.867   0.049   24.642   0.045   24.661   0.042   24.645   0.031   24.634   0.04   24.1   0.029   24.083   0.02   23.973   0.039   23.923   0.02   23.89   0.02   23.847   0.025   23.758   0.02   23.791   0.02
177.4151   22.399   macs1149   clash_macs1149_nir_1192   489   0.774   99.0   25.783   28.136   3.325   25.614   0.256   26.008   0.206   25.628   0.144   25.387   0.098   25.542   0.082   24.953   0.066   24.555   0.055   24.471   0.023   24.363   0.064   24.301   0.02   24.215   0.02   24.168   0.021   24.059   0.02   24.046   0.02
177.3956   22.389   macs1149   clash_macs1149_nir_1794   211   1.071   99.0   25.783   26.938   0.88   26.026   0.293   26.921   0.378   26.341   0.216   99.0   27.139   26.622   0.181   27.325   0.464   25.796   0.141   25.816   0.064   25.596   0.166   25.136   0.034   25.159   0.03   25.019   0.036   25.053   0.031   24.979   0.033
177.3869   22.3896   macs1149   clash_macs1149_nir_1755   391   0.798   26.257   0.339   28.699   3.421   25.645   0.189   25.297   0.078   25.083   0.045   25.108   0.038   24.892   0.024   24.896   0.033   24.478   0.028   24.454   0.02   24.293   0.031   24.28   0.02   24.18   0.02   24.157   0.02   24.178   0.02   24.317   0.02
177.4016   22.4057   macs1149   clash_macs1149_nir_0755   120   0.902   26.968   0.405   26.29   0.206   26.578   0.203   27.25   0.208   27.068   0.211   27.181   0.193   27.065   0.113   27.248   0.186   26.134   0.081   26.186   0.036   26.098   0.12   26.144   0.036   26.032   0.027   25.997   0.036   26.038   0.032   25.992   0.034
177.398   22.4046   macs1149   clash_macs1149_nir_0826   460   0.695   28.074   2.028   99.0   25.871   29.625   6.331   26.167   0.151   25.455   0.125   25.814   0.098   25.281   0.059   25.078   0.069   24.202   0.04   24.386   0.02   24.205   0.036   23.98   0.02   23.9   0.02   23.76   0.02   23.657   0.02   23.562   0.02
177.4059   22.4143   macs1149   clash_macs1149_nir_0268   362   0.739   27.845   1.659   25.848   0.262   25.802   0.189   25.498   0.083   25.72   0.101   25.517   0.072   25.049   0.034   24.947   0.043   24.459   0.034   24.437   0.02   24.198   0.037   24.072   0.02   24.023   0.02   23.883   0.02   23.839   0.02   23.78   0.02
177.4016   22.4093   macs1149   clash_macs1149_nir_0493   108   0.695   25.926   0.216   25.769   0.179   25.956   0.163   25.441   0.059   25.708   0.083   25.726   0.068   25.518   0.042   25.42   0.049   25.068   0.044   25.077   0.025   24.996   0.056   24.923   0.02   25.064   0.02   24.808   0.02   24.915   0.02   24.847   0.02
181.5388   -8.791   macs1206   clash_macs1206_nir_0391   2274   0.815   24.58   0.291   24.118   0.151   23.85   0.094   23.857   0.135   23.525   0.034   23.433   0.025   22.91   0.02   22.745   0.02   22.136   0.02   22.055   0.02   21.904   0.02   21.713   0.02   21.646   0.02   21.489   0.02   21.433   0.02   21.314   0.02
181.5439   -8.7942   macs1206   clash_macs1206_nir_0606   3894   0.941   24.915   0.385   24.718   0.281   24.01   0.116   23.947   0.06   23.814   0.057   23.713   0.038   22.927   0.02   22.811   0.02   21.979   0.02   21.906   0.02   21.66   0.02   21.382   0.02   21.256   0.02   21.099   0.02   20.971   0.02   20.824   0.02
181.5652   -8.7976   macs1206   clash_macs1206_nir_0839   1549   1.09   25.65   0.47   26.249   0.895   25.009   0.21   24.52   0.075   24.404   0.064   24.443   0.054   24.058   0.023   24.02   0.038   23.286   0.023   23.177   0.02   22.85   0.02   22.603   0.02   22.484   0.02   22.332   0.02   22.203   0.02   22.116   0.02
181.5451   -8.8027   macs1206   clash_macs1206_nir_0962   1576   1.206   24.957   0.331   24.305   0.14   23.644   0.066   23.625   0.032   23.638   0.036   23.32   0.023   22.94   0.02   22.864   0.02   22.128   0.02   21.988   0.02   21.619   0.02   21.333   0.02   21.094   0.02   20.893   0.02   20.701   0.02   20.564   0.02
181.5711   -8.8017   macs1206   clash_macs1206_nir_1193   1092   5.0   24.795   0.201   25.003   0.234   20.116   0.02   23.898   0.037   23.801   0.032   23.826   0.027   23.634   0.02   23.629   0.023   23.081   0.02   22.956   0.02   22.768   0.02   22.661   0.02   22.553   0.02   22.48   0.035   22.411   0.02   22.395   0.02
181.5671   -8.8036   macs1206   clash_macs1206_nir_1261   717   0.965   25.78   0.375   24.975   0.185   24.746   0.106   24.542   0.051   24.483   0.051   24.37   0.035   24.1   0.02   24.154   0.029   23.317   0.02   23.247   0.02   23.036   0.02   22.972   0.02   22.845   0.02   22.76   0.02   22.659   0.02   22.598   0.02
181.5548   -8.8076   macs1206   clash_macs1206_nir_1527   6172   1.003   23.622   0.114   23.084   0.072   22.902   0.098   22.494   0.02   22.276   0.02   22.095   0.02   21.326   0.02   21.092   0.02   20.637   0.02   20.554   0.02   20.319   0.02   20.079   0.02   19.919   0.02   19.767   0.02   19.535   0.02   19.34   0.02
181.5589   -8.8093   macs1206   clash_macs1206_nir_1602   979   0.858   25.288   0.278   24.79   0.17   24.137   0.075   24.086   0.039   23.849   0.035   23.822   0.035   23.535   0.02   23.451   0.02   23.005   0.02   23.042   0.02   22.996   0.02   22.974   0.02   22.923   0.02   22.866   0.02   22.835   0.02   22.761   0.02
181.5425   -8.8102   macs1206   clash_macs1206_nir_1688   498   0.955   25.02   0.201   26.618   0.72   25.825   0.268   25.698   0.138   25.717   0.156   25.585   0.101   25.282   0.045   25.123   0.067   24.663   0.051   24.531   0.026   24.286   0.047   24.357   0.02   24.305   0.02   24.193   0.02   24.148   0.02   24.114   0.02
181.561   -8.8108   macs1206   clash_macs1206_nir_1705   2906   0.822   25.494   0.287   26.192   0.628   25.376   0.214   24.857   0.083   24.638   0.064   23.973   0.027   22.655   0.02   22.302   0.02   21.103   0.02   20.898   0.02   20.476   0.02   20.221   0.02   20.07   0.02   19.927   0.02   19.786   0.02   19.644   0.02
181.5504   -8.8129   macs1206   clash_macs1206_nir_1838   1628   1.089   27.106   2.008   25.766   0.612   24.682   0.174   24.933   0.117   24.871   0.124   24.609   0.079   24.16   0.03   23.991   0.044   23.297   0.027   23.148   0.02   22.764   0.022   22.544   0.02   22.369   0.02   22.196   0.02   22.061   0.02   21.947   0.02
181.5422   -8.8137   macs1206   clash_macs1206_nir_1871   594   4.509   24.438   0.081   24.084   0.056   23.708   0.03   23.624   0.02   23.557   0.02   23.504   0.02   23.509   0.02   23.479   0.02   23.041   0.02   22.988   0.02   22.854   0.02   22.814   0.02   22.741   0.02   22.642   0.02   22.632   0.02   22.638   0.02
181.556   -8.8141   macs1206   clash_macs1206_nir_1905   952   0.432   25.853   0.381   26.89   1.017   26.032   0.386   25.943   0.196   25.622   0.146   25.017   0.072   24.198   0.021   23.925   0.025   23.336   0.02   23.287   0.02   23.13   0.02   22.908   0.02   22.789   0.02   22.662   0.02   22.542   0.02   22.44   0.02
181.5405   -8.7965   macs1206   clash_macs1206_nir_0673   1100   1.003   23.948   0.084   23.874   0.065   23.585   0.036   23.513   0.02   23.326   0.02   23.247   0.02   22.845   0.02   22.572   0.02   22.256   0.02   22.245   0.02   22.155   0.02   22.051   0.02   21.999   0.02   21.945   0.02   21.852   0.02   21.756   0.02
181.5376   -8.8054   macs1206   clash_macs1206_nir_1412   23   0.74   28.82   1.854   27.242   0.368   27.531   0.336   27.177   0.132   27.302   0.176   26.937   0.102   26.271   0.035   26.236   0.053   25.64   0.035   25.538   0.022   25.48   0.045   25.344   0.02   25.272   0.02   25.154   0.02   25.115   0.02   25.022   0.02
181.5579   -8.784   macs1206   clash_macs1206_nir_0116   825   1.058   26.514   0.934   26.719   0.931   25.231   0.21   25.135   0.095   25.12   0.118   24.775   0.066   24.432   0.029   24.325   0.052   23.721   0.032   23.601   0.02   23.333   0.029   23.163   0.02   22.958   0.02   22.799   0.02   22.695   0.02   22.641   0.02
197.7524   -3.1648   macs1311   clash_macs1311_nir_0347   567   0.76   26.053   0.735   25.179   0.275   25.233   0.268   25.136   0.108   24.83   0.077   24.864   0.059   24.631   0.056   24.556   0.049   24.005   0.034   23.959   0.02   23.913   0.04   23.844   0.02   23.796   0.02   23.684   0.02   23.689   0.02   23.653   0.02
197.7482   -3.1655   macs1311   clash_macs1311_nir_0378   662   0.691   24.33   0.191   24.143   0.133   23.923   0.093   24.058   0.045   24.102   0.043   24.034   0.033   23.846   0.02   23.729   0.028   23.395   0.023   23.326   0.02   23.146   0.024   23.334   0.02   23.359   0.02   23.265   0.02   23.32   0.02   23.281   0.02
197.7642   -3.1675   macs1311   clash_macs1311_nir_0487   626   1.087   99.0   25.107   26.043   0.526   25.81   0.396   25.482   0.216   25.13   0.081   25.057   0.065   24.937   0.037   24.834   0.057   24.385   0.042   24.316   0.023   23.979   0.042   23.924   0.02   23.798   0.02   23.712   0.02   23.582   0.02   23.512   0.02
197.7553   -3.1725   macs1311   clash_macs1311_nir_0754   5184   0.98   26.146   1.637   25.275   0.611   25.373   0.65   24.797   0.18   24.573   0.148   24.119   0.089   23.456   0.026   23.104   0.038   22.054   0.02   21.81   0.02   21.273   0.02   20.863   0.02   20.67   0.02   20.482   0.02   20.28   0.02   20.124   0.02
197.7661   -3.1714   macs1311   clash_macs1311_nir_0722   984   0.796   25.61   0.559   25.324   0.34   24.809   0.191   24.565   0.088   24.529   0.049   24.316   0.034   24.153   0.02   23.989   0.028   23.357   0.02   23.326   0.02   23.109   0.02   23.117   0.02   23.011   0.02   22.922   0.02   22.834   0.02   22.824   0.02
197.7614   -3.1736   macs1311   clash_macs1311_nir_0791   7522   0.689   21.774   0.025   21.749   0.02   21.239   0.02   20.746   0.02   20.535   0.02   20.351   0.02   20.377   0.02   20.24   0.02   19.622   0.02   19.719   0.02   19.348   0.02   19.105   0.02   19.02   0.02   18.936   0.02   18.743   0.02   18.522   0.02
197.7726   -3.1772   macs1311   clash_macs1311_nir_1103   791   1.003   99.0   25.107   25.39   0.495   26.742   30.265   25.501   0.19   25.446   0.141   25.218   0.11   25.102   0.061   24.869   0.08   24.486   0.062   24.353   0.033   24.076   0.056   24.01   0.02   23.877   0.02   23.806   0.02   23.73   0.02   23.717   0.02
197.7701   -3.1867   macs1311   clash_macs1311_nir_1677   4477   0.513   23.654   0.134   23.254   0.088   23.243   0.08   23.054   0.032   22.804   0.02   22.578   0.02   21.713   0.02   21.504   0.02   20.989   0.02   20.906   0.02   20.668   0.02   20.45   0.02   20.327   0.02   20.164   0.02   19.973   0.02   19.808   0.02
197.7657   -3.17   macs1311   clash_macs1311_nir_0660   738   0.796   24.713   0.201   24.178   0.095   23.954   0.068   23.968   0.039   23.878   0.022   23.848   0.02   23.611   0.02   23.605   0.02   23.055   0.02   23.001   0.02   22.895   0.02   22.887   0.02   22.785   0.02   22.715   0.02   22.675   0.02   22.73   0.02
197.761   -3.161   macs1311   clash_macs1311_nir_0136   480   0.745   26.942   1.998   25.787   0.377   26.635   0.747   25.98   0.196   25.483   0.096   25.686   0.123   24.92   0.033   24.937   0.06   24.289   0.033   24.042   0.02   24.065   0.042   23.761   0.02   23.632   0.02   23.485   0.02   23.382   0.02   23.227   0.02
197.7617   -3.1635   macs1311   clash_macs1311_nir_0265   97   1.005   27.565   1.708   27.246   0.957   26.625   0.528   26.982   0.392   26.307   0.189   26.422   0.145   26.157   0.077   26.08   0.103   25.616   0.08   25.412   0.047   25.409   0.097   25.076   0.02   24.939   0.02   24.79   0.02   24.733   0.02   24.719   0.02
197.7718   -3.1824   macs1311   clash_macs1311_nir_1468   424   0.952   26.672   0.894   25.434   0.26   24.95   0.221   25.099   0.086   25.068   0.059   24.96   0.047   24.76   0.027   24.782   0.043   24.104   0.028   23.973   0.02   23.78   0.025   23.67   0.02   23.562   0.02   23.414   0.02   23.352   0.02   23.342   0.02
197.7501   -3.1756   macs1311   clash_macs1311_nir_0988   671   0.839   24.828   0.239   24.989   0.264   25.175   0.358   24.791   0.075   25.287   0.114   24.891   0.07   24.806   0.04   24.768   0.063   24.258   0.044   24.186   0.023   24.072   0.048   24.013   0.02   23.927   0.02   23.837   0.02   23.814   0.02   23.875   0.02
215.9406   24.0878   macs1423   clash_macs1423_nir_0516   349   0.635   25.586   0.359   25.235   0.275   25.106   0.206   25.636   0.174   25.25   0.089   25.241   0.07   25.415   0.056   25.016   0.037   24.316   0.042   24.507   0.02   24.355   0.055   24.476   0.02   24.414   0.02   24.503   0.02   24.336   0.02   24.305   0.02
215.9435   24.0876   macs1423   clash_macs1423_nir_0533   454   0.635   24.797   0.162   24.718   0.165   24.954   0.15   24.844   0.073   24.702   0.056   24.586   0.038   24.717   0.027   24.441   0.022   23.941   0.026   23.998   0.02   24.151   0.04   23.979   0.02   23.984   0.02   23.955   0.02   23.909   0.02   23.849   0.02
215.9403   24.082   macs1423   clash_macs1423_nir_0756   489   0.668   24.485   0.116   24.477   0.115   24.359   0.086   24.325   0.044   24.219   0.03   24.136   0.023   24.191   0.02   23.984   0.02   23.518   0.02   23.527   0.02   23.504   0.021   23.422   0.02   23.404   0.02   23.364   0.02   23.317   0.02   23.275   0.02
215.9407   24.0831   macs1423   clash_macs1423_nir_0755   2262   0.695   24.6   0.255   24.517   0.229   24.357   0.161   23.919   0.066   23.873   0.042   23.512   0.023   23.414   0.02   23.002   0.02   22.141   0.02   22.073   0.02   21.859   0.02   21.62   0.02   21.526   0.02   21.379   0.02   21.252   0.02   21.13   0.02
215.9495   24.0784   macs1423   clash_macs1423_nir_1012   16321   0.578   21.776   0.049   21.641   0.036   21.876   0.04   21.32   0.02   21.249   0.02   20.998   0.02   20.597   0.02   20.15   0.02   19.325   0.02   19.23   0.02   18.97   0.02   18.642   0.02   18.568   0.02   18.483   0.02   18.298   0.02   18.133   0.02
215.9698   24.0768   macs1423   clash_macs1423_nir_1232   1525   0.928   26.137   0.852   25.82   3.308   26.01   0.584   25.978   0.263   25.89   0.185   25.49   0.09   25.092   0.044   24.679   0.03   23.474   0.02   23.395   0.02   22.945   0.02   22.582   0.02   22.374   0.02   22.136   0.02   21.942   0.02   21.787   0.02
215.9561   24.0759   macs1423   clash_macs1423_nir_1265   4053   0.71   25.297   0.733   24.401   0.241   24.13   0.172   24.062   0.086   23.953   0.062   23.525   0.028   23.061   0.02   22.627   0.02   21.471   0.02   21.357   0.02   21.068   0.02   20.713   0.02   20.579   0.02   20.401   0.02   20.237   0.02   20.069   0.02
215.9344   24.0725   macs1423   clash_macs1423_nir_1511   586   0.955   24.975   0.254   24.796   0.204   24.435   0.143   24.654   0.067   24.47   0.045   24.498   0.035   24.592   0.028   24.5   0.026   24.044   0.03   23.933   0.02   23.762   0.032   23.745   0.02   23.678   0.02   23.594   0.02   23.567   0.02   23.607   0.02
215.9373   24.0713   macs1423   clash_macs1423_nir_1629   1565   0.909   24.222   0.182   24.07   0.163   24.082   0.147   23.819   0.046   23.772   0.03   23.757   0.024   23.672   0.02   23.53   0.02   22.672   0.02   22.634   0.02   22.416   0.02   22.327   0.02   22.238   0.02   22.134   0.02   22.062   0.02   22.041   0.02
215.9351   24.0656   macs1423   clash_macs1423_nir_1942   1813   0.627   23.884   0.123   23.922   0.116   23.624   0.07   23.554   0.041   23.283   0.02   23.068   0.02   22.924   0.02   22.55   0.02   21.846   0.02   21.809   0.02   21.657   0.02   21.471   0.02   21.397   0.02   21.31   0.02   21.196   0.02   21.081   0.02
215.9352   24.0705   macs1423   clash_macs1423_nir_1679   445   0.911   25.501   0.359   25.027   0.214   26.366   0.708   25.992   0.299   25.424   0.1   25.394   0.07   25.343   0.07   25.449   0.051   24.523   0.041   24.468   0.02   24.352   0.052   24.231   0.02   24.141   0.02   24.042   0.02   23.919   0.02   23.952   0.02
215.9281   24.0793   macs1423   clash_macs1423_nir_1057   369   0.663   26.168   0.529   25.438   0.26   25.346   0.186   25.404   0.103   25.363   0.075   25.27   0.056   25.243   0.04   25.22   0.039   24.606   0.041   24.586   0.02   24.442   0.048   24.533   0.02   24.456   0.02   24.501   0.02   24.364   0.02   24.483   0.02
215.9484   24.0706   macs1423   clash_macs1423_nir_1597   697   0.701   25.174   0.305   24.934   0.243   24.57   0.118   24.218   0.048   24.231   0.046   23.961   0.025   23.789   0.02   23.472   0.02   22.777   0.02   22.756   0.02   22.537   0.02   22.448   0.02   22.291   0.02   22.144   0.02   22.034   0.02   21.992   0.02
215.9513   24.0755   macs1423   clash_macs1423_nir_1337   356   0.687   25.485   0.315   25.879   0.384   25.947   0.325   25.66   0.128   26.122   0.261   25.499   0.079   25.459   0.046   25.141   0.041   24.625   0.047   24.569   0.02   24.372   0.05   24.59   0.02   24.526   0.02   24.44   0.02   24.535   0.02   24.485   0.02
215.9671   24.0843   macs1423   clash_macs1423_nir_0730   638   0.858   26.295   0.757   25.559   0.354   25.021   0.174   25.378   0.13   25.363   0.089   25.131   0.052   25.068   0.034   24.822   0.027   23.857   0.023   23.792   0.02   23.572   0.023   23.38   0.02   23.352   0.02   23.127   0.02   23.021   0.02   22.886   0.02
260.0636   35.6271   macs1720   clash_macs1720_nir_0083   766   0.673   27.477   1.645   25.226   0.187   25.407   0.159   25.405   0.089   24.956   0.06   24.673   0.036   24.085   0.02   23.921   0.02   23.303   0.02   23.215   0.02   23.062   0.02   22.755   0.02   22.714   0.02   22.551   0.02   22.428   0.02   22.279   0.02
260.0567   35.6213   macs1720   clash_macs1720_nir_0280   5965   0.147   22.282   0.025   22.077   0.02   21.805   0.02   21.658   0.02   21.438   0.02   21.238   0.02   20.632   0.02   20.473   0.02   20.17   0.02   20.086   0.02   19.872   0.02   19.715   0.02   19.566   0.02   19.435   0.02   19.252   0.02   19.119   0.02
260.0843   35.6193   macs1720   clash_macs1720_nir_0470   1313   0.835   25.355   0.295   27.001   1.077   25.99   0.365   25.356   0.106   25.238   0.094   24.913   0.046   24.261   0.021   24.116   0.026   23.17   0.02   23.069   0.02   22.794   0.02   22.535   0.02   22.345   0.02   22.174   0.02   21.983   0.02   21.875   0.02
260.0871   35.6189   macs1720   clash_macs1720_nir_0441   1708   0.585   23.953   0.073   23.562   0.043   23.297   0.028   23.02   0.02   22.778   0.02   22.644   0.02   22.043   0.02   21.89   0.02   21.523   0.02   21.485   0.02   21.346   0.02   21.192   0.02   21.145   0.02   21.067   0.02   20.928   0.02   20.817   0.02
260.0878   35.6157   macs1720   clash_macs1720_nir_0634   778   0.837   25.181   0.227   25.045   0.173   24.81   0.118   24.804   0.064   24.828   0.057   24.706   0.036   24.48   0.022   24.447   0.03   23.911   0.025   23.826   0.02   23.729   0.026   23.692   0.02   23.638   0.02   23.488   0.02   23.427   0.02   23.478   0.02
260.0798   35.6163   macs1720   clash_macs1720_nir_0614   131   0.679   26.936   0.561   27.043   0.517   25.77   0.141   25.878   0.096   25.575   0.075   25.729   0.06   25.582   0.034   25.424   0.045   25.115   0.043   25.195   0.022   25.259   0.069   25.204   0.02   25.248   0.02   25.205   0.02   25.223   0.02   25.21   0.02
260.0719   35.6191   macs1720   clash_macs1720_nir_0443   891   0.963   25.205   0.228   24.693   0.11   24.274   0.085   24.015   0.029   23.844   0.029   23.776   0.02   23.742   0.02   23.805   0.02   23.243   0.02   23.219   0.02   23.073   0.02   22.988   0.02   22.913   0.02   22.861   0.02   22.838   0.02   22.894   0.02
260.0544   35.6094   macs1720   clash_macs1720_nir_1032   286   4.19   26.537   0.491   27.059   0.736   26.521   0.403   27.483   0.569   27.174   0.43   27.061   0.26   25.397   0.041   25.223   0.06   24.576   0.034   24.676   0.022   24.605   0.049   24.356   0.02   24.046   0.02   24.395   0.02   24.21   0.02   23.918   0.02
260.0875   35.5998   macs1720   clash_macs1720_nir_1567   919   0.607   25.951   0.492   25.875   0.395   25.375   0.233   25.155   0.077   24.906   0.076   24.69   0.041   23.99   0.02   23.857   0.021   23.312   0.02   23.249   0.02   23.155   0.02   22.911   0.02   22.864   0.02   22.741   0.02   22.586   0.02   22.455   0.02
260.0731   35.5977   macs1720   clash_macs1720_nir_1685   241   0.774   27.502   1.102   26.614   0.424   25.659   0.144   25.358   0.059   25.132   0.046   25.067   0.029   24.966   0.021   24.941   0.027   24.449   0.024   24.346   0.02   24.194   0.025   24.348   0.02   24.313   0.02   24.295   0.02   24.289   0.02   24.33   0.02
260.0716   35.5973   macs1720   clash_macs1720_nir_2069   757   0.698   24.944   0.199   24.313   0.078   23.948   0.053   23.872   0.028   23.853   0.025   23.693   0.02   23.536   0.02   23.502   0.02   23.124   0.02   23.024   0.02   22.857   0.02   23.026   0.02   22.999   0.02   22.958   0.02   23.045   0.02   23.028   0.02
260.0801   35.5932   macs1720   clash_macs1720_nir_1942   1140   0.899   25.875   0.379   25.217   0.174   24.679   0.296   24.722   0.058   24.686   0.052   24.368   0.026   23.981   0.02   23.953   0.022   23.085   0.02   22.973   0.02   22.709   0.02   22.524   0.02   22.371   0.02   22.236   0.02   22.116   0.02   22.068   0.02
260.0568   35.5943   macs1720   clash_macs1720_nir_1391   5502   0.629   23.462   0.107   23.015   0.072   22.925   0.056   22.466   0.02   22.086   0.02   21.747   0.02   20.899   0.02   20.658   0.02   20.046   0.02   19.949   0.02   19.687   0.02   19.349   0.02   19.235   0.02   19.109   0.02   18.905   0.02   18.701   0.02
260.0666   35.6261   macs1720   clash_macs1720_nir_0118   469   0.519   99.0   25.026   25.671   0.329   25.482   0.257   25.662   0.149   25.444   0.135   25.733   0.129   25.186   0.057   24.884   0.06   24.56   0.06   24.68   0.036   24.517   0.075   24.469   0.021   24.541   0.02   24.511   0.024   24.53   0.02   24.604   0.022
260.0656   35.5972   macs1720   clash_macs1720_nir_1725   370   0.895   26.137   0.247   25.965   0.228   25.997   0.184   26.004   0.087   25.715   0.078   25.597   0.049   25.329   0.03   25.364   0.042   24.719   0.03   24.587   0.02   24.484   0.03   24.406   0.02   24.299   0.02   24.248   0.02   24.173   0.02   24.168   0.02
260.0654   35.6014   macs1720   clash_macs1720_nir_1485   519   0.599   25.58   0.196   99.0   25.427   20.669   0.02   25.84   0.107   25.566   0.095   25.197   0.045   24.68   0.021   24.585   0.027   24.087   0.021   24.053   0.02   24.01   0.027   23.836   0.02   23.801   0.02   23.765   0.02   23.677   0.02   23.573   0.02
260.0563   35.6049   macs1720   clash_macs1720_nir_1274   608   0.629   27.308   1.525   25.969   0.393   26.1   0.379   25.83   0.152   25.147   0.09   25.313   0.076   24.802   0.033   24.591   0.041   24.26   0.037   24.199   0.02   24.064   0.042   23.978   0.02   23.949   0.02   23.884   0.02   23.804   0.02   23.714   0.02
260.0584   35.6044   macs1720   clash_macs1720_nir_1241   1918   0.905   26.032   0.516   99.0   25.427   29.582   10.144   26.807   0.397   26.053   0.248   25.996   0.158   24.513   0.03   24.191   0.037   23.242   0.02   23.079   0.02   22.694   0.02   22.228   0.02   22.004   0.02   21.807   0.02   21.488   0.02   21.228   0.02
260.0585   35.6075   macs1720   clash_macs1720_nir_1137   176   0.663   27.186   0.546   27.903   0.916   26.977   0.353   26.763   0.142   26.832   0.179   26.61   0.12   26.785   0.105   26.639   0.118   26.326   0.114   26.331   0.057   26.189   0.132   26.223   0.042   26.313   0.029   26.357   0.051   26.229   0.034   26.377   0.043
260.0749   35.6058   macs1720   clash_macs1720_nir_1254   124   0.839   28.059   1.453   26.618   0.333   26.441   0.21   26.307   0.107   25.882   0.101   26.472   0.115   26.204   0.082   26.186   0.104   25.915   0.073   25.792   0.038   25.884   0.116   25.839   0.029   25.794   0.02   25.884   0.032   25.829   0.024   25.941   0.028
260.0703   35.6231   macs1720   clash_macs1720_nir_0239   195   0.902   25.812   0.318   26.414   0.463   27.424   0.908   26.078   0.167   25.947   0.143   26.271   0.151   25.958   0.081   26.228   0.151   25.309   0.074   25.213   0.04   24.977   0.073   24.933   0.022   24.939   0.02   24.795   0.021   24.725   0.02   24.738   0.02
260.0833   35.6037   macs1720   clash_macs1720_nir_1360   739   0.559   25.164   0.21   25.081   0.197   25.165   0.171   24.674   0.057   24.653   0.07   24.578   0.043   24.254   0.023   24.173   0.03   23.812   0.027   23.818   0.02   23.949   0.043   23.857   0.02   23.887   0.02   23.887   0.02   23.85   0.02   23.816   0.02
260.087   35.6111   macs1720   clash_macs1720_nir_0911   243   0.887   30.252   22.962   29.178   6.822   25.956   0.32   26.325   0.207   26.15   0.201   25.907   0.111   25.63   0.061   25.699   0.094   24.982   0.06   24.955   0.034   24.68   0.061   24.663   0.021   24.638   0.02   24.55   0.02   24.45   0.02   24.477   0.02
292.9534   -26.5643   macs1931   clash_macs1931_nir_0422   806   0.629   25.439   0.393   25.09   0.256   24.44   0.122   24.326   0.056   24.083   0.05   24.245   0.046   23.677   0.02   23.541   0.023   23.138   0.02   23.104   0.02   23.092   0.021   22.872   0.02   22.873   0.02   22.803   0.02   22.727   0.02   22.642   0.02
292.972   -26.5702   macs1931   clash_macs1931_nir_0729   532   0.895   26.346   0.958   25.372   0.286   25.171   0.229   25.33   0.121   24.839   0.079   24.892   0.062   24.604   0.039   24.689   0.053   23.876   0.033   23.816   0.02   23.63   0.029   23.569   0.02   23.505   0.02   23.369   0.02   23.302   0.02   23.251   0.02
292.9628   -26.5708   macs1931   clash_macs1931_nir_0817   92   0.175   99.0   24.889   26.195   0.378   28.911   3.432   29.468   2.739   26.883   0.276   27.607   0.581   25.884   0.073   25.858   0.088   25.262   0.056   25.299   0.032   25.16   0.061   24.948   0.02   24.86   0.02   24.791   0.02   24.662   0.02   24.62   0.02
292.966   -26.5736   macs1931   clash_macs1931_nir_0895   2182   0.894   27.66   5.943   24.512   0.281   24.385   0.188   24.25   0.097   23.736   0.053   23.784   0.042   23.377   0.025   23.345   0.03   22.521   0.02   22.489   0.02   22.271   0.02   22.082   0.02   21.993   0.02   21.869   0.02   21.785   0.02   21.69   0.02
292.9685   -26.5743   macs1931   clash_macs1931_nir_0992   262   0.859   24.562   0.126   24.271   0.086   23.909   0.062   23.998   0.027   23.987   0.026   24.058   0.023   24.128   0.02   24.18   0.026   23.794   0.021   23.816   0.02   23.842   0.026   23.96   0.02   23.934   0.02   23.884   0.02   23.924   0.02   23.954   0.02
292.9674   -26.5833   macs1931   clash_macs1931_nir_1607   589   1.132   99.0   24.889   25.504   0.368   24.777   0.162   24.635   0.067   24.511   0.067   24.415   0.047   24.346   0.035   24.417   0.045   23.985   0.037   23.813   0.02   23.538   0.03   23.43   0.02   23.442   0.02   23.382   0.02   23.261   0.02   23.181   0.02
292.9587   -26.592   macs1931   clash_macs1931_nir_2049   207   0.776   28.135   4.474   27.573   2.122   26.836   0.963   26.57   0.402   27.009   0.498   26.657   0.321   27.043   0.388   25.701   0.134   25.039   0.084   25.132   0.051   25.031   0.101   24.712   0.022   24.703   0.029   24.454   0.021   24.385   0.02   24.389   0.02
322.372   -7.6743   macs2129   clash_macs2129_nir_0111   1493   0.74   24.997   0.308   25.587   0.427   24.256   0.099   24.166   0.044   23.986   0.039   23.76   0.022   23.526   0.02   23.134   0.02   23.032   0.02   22.27   0.02   22.224   0.02   21.986   0.02   21.714   0.02   21.629   0.02   21.454   0.02   21.366   0.02
322.3704   -7.6756   macs2129   clash_macs2129_nir_0210   840   0.86   26.791   1.417   25.526   0.381   24.799   0.143   24.592   0.063   24.725   0.076   24.461   0.04   24.223   0.023   23.881   0.02   23.853   0.027   23.009   0.02   22.945   0.02   22.721   0.02   22.562   0.02   22.385   0.02   22.226   0.02   22.137   0.02
322.3664   -7.6883   macs2129   clash_macs2129_nir_0917   715   0.751   25.453   0.599   26.434   1.276   25.153   0.298   25.319   0.196   25.619   0.257   25.033   0.122   25.089   0.075   24.878   0.075   24.851   0.101   24.133   0.058   24.134   0.022   23.644   0.049   23.992   0.022   24.063   0.024   23.732   0.02   23.774   0.02
322.3555   -7.7071   macs2129   clash_macs2129_nir_2001   1548   1.054   99.0   24.992   25.696   0.567   25.362   0.314   26.609   0.506   25.107   0.131   24.927   0.079   25.017   0.088   24.421   0.041   24.268   0.052   23.337   0.024   23.151   0.02   22.6   0.02   22.254   0.02   22.038   0.02   21.827   0.02   21.617   0.02
322.3542   -7.675   macs2129   clash_macs2129_nir_0197   481   0.906   25.396   0.316   25.443   0.331   25.477   0.238   25.13   0.114   24.847   0.085   24.947   0.072   24.956   0.046   24.946   0.051   24.932   0.077   24.168   0.04   24.18   0.02   24.065   0.05   24.069   0.02   23.958   0.02   23.889   0.02   23.868   0.02
322.3512   -7.677   macs2129   clash_macs2129_nir_0291   474   1.13   25.201   0.301   25.152   0.235   24.566   0.113   24.735   0.085   25.38   0.403   24.613   0.072   24.65   0.033   24.691   0.058   24.714   0.089   24.339   0.067   24.222   0.02   23.952   0.059   23.924   0.02   23.89   0.02   23.91   0.02   23.795   0.02
322.3485   -7.6992   macs2129   clash_macs2129_nir_1558   1049   0.884   28.357   5.251   25.754   1.729   99.0   25.572   24.812   0.099   24.751   0.101   24.477   0.043   24.32   0.028   24.113   0.027   24.091   0.037   23.209   0.02   23.215   0.02   22.915   0.02   22.797   0.02   22.643   0.02   22.538   0.02   22.436   0.02
322.3503   -7.7005   macs2129   clash_macs2129_nir_1659   208   0.833   26.403   0.528   26.002   0.362   25.334   0.158   25.292   0.076   24.935   0.064   25.107   0.049   25.153   0.039   25.066   0.043   25.236   0.061   25.062   0.058   24.724   0.02   24.337   0.039   24.613   0.02   24.512   0.02   24.519   0.02   24.585   0.02
322.3681   -7.6931   macs2129   clash_macs2129_nir_1144   229   0.917   26.979   1.358   25.748   0.394   24.855   0.15   25.465   0.122   25.278   0.099   25.19   0.068   25.325   0.049   25.201   0.053   25.145   0.074   24.488   0.043   24.462   0.02   24.329   0.048   24.214   0.02   24.111   0.02   24.148   0.02   24.044   0.02
322.3689   -7.6913   macs2129   clash_macs2129_nir_1146   297   0.346   99.0   24.992   30.255   18.671   29.301   6.517   29.677   4.69   26.687   0.378   27.209   0.38   27.673   0.395   26.232   0.117   26.459   0.204   25.326   0.078   25.223   0.029   24.994   0.077   24.837   0.024   24.75   0.022   24.666   0.02   24.54   0.02
322.3686   -7.6863   macs2129   clash_macs2129_nir_0833   114   0.818   28.872   5.902   27.971   1.885   99.0   25.572   30.661   11.112   28.815   1.753   27.216   0.324   27.912   0.407   27.658   0.361   27.054   0.321   26.133   0.147   26.194   0.059   25.969   0.154   25.796   0.048   25.733   0.047   25.637   0.041   25.667   0.034
322.3603   -7.6878   macs2129   clash_macs2129_nir_0911   89   0.838   25.346   0.29   26.342   0.581   25.443   0.191   26.407   0.263   25.888   0.639   25.876   0.168   26.168   0.109   25.947   0.121   25.952   0.184   25.123   0.093   25.303   0.034   25.496   0.174   25.28   0.039   25.138   0.035   25.015   0.031   25.102   0.027
322.3603   -7.6878   macs2129   clash_macs2129_nir_0912   107   0.795   26.417   0.725   99.0   25.186   28.794   4.668   29.076   2.707   26.916   2.853   25.719   0.154   26.558   0.146   25.897   0.126   26.632   0.418   25.676   0.205   25.368   0.034   25.232   0.147   25.219   0.034   25.096   0.031   24.997   0.028   25.012   0.023
322.3554   -7.6933   macs2129   clash_macs2129_nir_1265   430   0.963   99.0   24.992   26.586   0.678   25.985   0.304   25.906   0.202   25.971   0.158   25.693   0.09   26.109   0.117   25.738   0.071   25.807   0.11   25.204   0.068   25.141   0.03   25.01   0.07   24.849   0.021   24.745   0.02   24.762   0.02   24.759   0.02
325.0643   -23.6463   ms2137   clash_ms2137_nir_0280   2017   0.738   24.581   0.172   26.383   0.805   24.692   0.132   25.115   0.114   24.478   0.057   24.163   0.033   23.325   0.02   23.241   0.02   22.324   0.02   22.197   0.02   21.924   0.02   21.622   0.02   21.493   0.02   21.309   0.02   21.162   0.02   20.974   0.02
325.0807   -23.6597   ms2137   clash_ms2137_nir_1053   446   0.844   26.464   0.441   25.868   0.238   25.375   0.127   25.109   0.061   24.953   0.053   24.985   0.045   24.682   0.02   24.585   0.034   24.0   0.023   23.917   0.02   23.72   0.032   23.739   0.02   23.632   0.02   23.547   0.02   23.478   0.02   23.48   0.02
325.0718   -23.6623   ms2137   clash_ms2137_nir_1240   1221   0.475   25.51   0.386   24.819   0.215   24.919   0.172   24.428   0.069   24.177   0.055   24.073   0.038   23.162   0.02   23.154   0.02   22.778   0.02   22.639   0.02   22.654   0.02   22.412   0.02   22.341   0.02   22.265   0.02   22.119   0.02   22.089   0.02
325.0738   -23.6652   ms2137   clash_ms2137_nir_1475   1730   0.952   27.697   3.268   25.132   0.335   24.734   0.149   24.632   0.092   24.381   0.071   24.564   0.064   23.812   0.023   23.873   0.036   23.045   0.02   22.994   0.02   22.679   0.02   22.494   0.02   22.326   0.02   22.147   0.02   22.037   0.02   21.955   0.02
325.0715   -23.6721   ms2137   clash_ms2137_nir_1862   1976   0.629   24.361   0.134   24.654   0.173   24.129   0.096   23.669   0.034   23.559   0.031   23.269   0.02   22.752   0.02   22.594   0.02   22.163   0.02   22.071   0.02   21.948   0.02   21.726   0.02   21.749   0.02   21.668   0.02   21.54   0.02   21.415   0.02
325.0703   -23.6718   ms2137   clash_ms2137_nir_1854   352   0.667   25.986   0.267   25.721   0.206   25.112   0.1   24.997   0.054   25.111   0.088   24.911   0.047   24.449   0.02   24.32   0.028   23.9   0.031   23.869   0.025   23.777   0.023   23.796   0.02   23.786   0.02   23.685   0.02   23.684   0.02   23.612   0.02
325.0627   -23.6728   ms2137   clash_ms2137_nir_1908   269   0.796   26.625   0.556   25.677   0.173   25.298   0.105   24.974   0.051   24.804   0.053   24.801   0.041   24.508   0.02   24.446   0.027   24.057   0.02   23.961   0.02   23.819   0.024   23.849   0.02   23.739   0.02   23.661   0.02   23.66   0.02   23.734   0.02
325.0539   -23.673   ms2137   clash_ms2137_nir_1889   1156   0.48   24.432   0.126   24.577   0.139   24.291   0.076   24.043   0.04   23.806   0.029   23.777   0.021   23.142   0.02   23.071   0.02   22.796   0.02   22.757   0.02   22.703   0.02   22.627   0.02   22.567   0.02   22.508   0.02   22.425   0.02   22.36   0.02
325.0644   -23.6706   ms2137   clash_ms2137_nir_1786   201   0.787   25.471   0.21   99.0   25.53   27.18   0.623   26.824   0.293   27.289   0.496   26.808   0.236   26.113   0.121   25.963   0.11   25.403   0.08   25.363   0.041   24.931   0.058   25.304   0.025   25.066   0.02   24.946   0.021   24.996   0.02   24.964   0.02
325.0469   -23.6698   ms2137   clash_ms2137_nir_1750   173   0.268   99.0   25.524   27.888   1.266   26.837   0.4   26.64   0.279   26.541   0.176   26.211   0.096   25.919   0.055   25.738   0.065   25.61   0.069   25.543   0.039   25.491   0.078   25.657   0.027   25.591   0.021   25.672   0.032   25.571   0.025   25.556   0.022
325.0518   -23.6697   ms2137   clash_ms2137_nir_1737   724   0.728   25.127   0.199   24.891   0.12   24.324   0.059   24.351   0.037   24.047   0.025   23.975   0.02   23.511   0.02   23.387   0.02   22.851   0.02   22.775   0.02   22.675   0.02   22.537   0.02   22.475   0.02   22.349   0.02   22.306   0.02   22.203   0.02
325.0455   -23.6605   ms2137   clash_ms2137_nir_1152   88   0.907   27.251   0.772   26.316   0.278   25.737   0.154   25.887   0.082   25.858   0.071   25.786   0.06   25.91   0.066   26.058   0.068   25.542   0.059   25.489   0.032   25.332   0.061   25.513   0.02   25.488   0.02   25.502   0.023   25.569   0.021   25.713   0.021
325.0579   -23.6489   ms2137   clash_ms2137_nir_0439   102   0.859   26.183   0.466   25.723   0.302   26.135   0.256   26.471   0.258   26.228   0.141   26.269   0.124   26.3   0.097   27.01   0.286   25.932   0.105   25.864   0.062   25.752   0.122   25.972   0.043   25.831   0.031   25.9   0.046   25.801   0.036   25.866   0.036
206.8785   -11.7397   rxj1347   clash_rxj1347_nir_0176   2135   0.808   26.701   1.519   25.507   0.341   25.739   0.395   25.458   0.154   25.654   0.191   25.146   0.053   23.805   0.02   23.603   0.025   22.388   0.02   22.246   0.02   21.752   0.02   21.428   0.02   21.265   0.02   21.087   0.02   20.918   0.02   20.75   0.02
206.8745   -11.742   rxj1347   clash_rxj1347_nir_0252   1399   0.94   24.769   0.384   24.667   0.177   24.146   0.103   24.235   0.061   23.932   0.043   23.995   0.022   23.793   0.022   23.757   0.031   23.168   0.02   23.09   0.02   22.943   0.02   22.892   0.02   22.773   0.02   22.661   0.02   22.614   0.02   22.585   0.02
206.8797   -11.7441   rxj1347   clash_rxj1347_nir_0335   2775   0.797   25.949   0.766   25.823   0.53   24.584   0.148   24.806   0.099   24.394   0.07   24.185   0.028   23.293   0.02   23.123   0.02   21.956   0.02   21.884   0.02   21.476   0.02   21.202   0.02   21.043   0.02   20.889   0.02   20.731   0.02   20.583   0.02
206.8834   -11.745   rxj1347   clash_rxj1347_nir_0387   3018   0.834   24.234   0.227   23.836   0.119   23.825   0.107   23.66   0.05   23.624   0.139   23.282   0.02   22.897   0.02   22.744   0.025   22.066   0.02   21.974   0.02   21.794   0.02   21.628   0.02   21.547   0.02   21.418   0.02   21.356   0.02   21.257   0.02
206.891   -11.7474   rxj1347   clash_rxj1347_nir_0541   930   0.883   26.448   0.83   24.756   0.157   24.083   0.077   24.027   0.056   23.951   0.031   23.846   0.02   23.56   0.02   23.575   0.02   22.934   0.02   22.896   0.02   22.732   0.02   22.663   0.02   22.531   0.02   22.402   0.02   22.349   0.02   22.352   0.02
206.8871   -11.7479   rxj1347   clash_rxj1347_nir_0562   902   0.842   25.948   0.597   25.723   0.369   24.875   0.164   24.951   0.089   25.056   0.095   24.799   0.043   24.378   0.032   24.288   0.041   23.478   0.021   23.451   0.02   23.243   0.023   23.123   0.02   22.998   0.02   22.864   0.02   22.798   0.02   22.731   0.02
206.9002   -11.7476   rxj1347   clash_rxj1347_nir_0547   1658   0.94   25.003   0.217   26.436   0.748   19.602   0.02   24.281   0.048   24.029   0.037   23.891   0.02   23.418   0.02   23.263   0.02   22.481   0.02   22.425   0.02   22.133   0.02   21.931   0.02   21.768   0.02   21.608   0.02   21.477   0.02   21.377   0.02
206.8882   -11.7613   rxj1347   clash_rxj1347_nir_1503   3445   0.678   24.863   0.269   24.287   0.132   24.119   0.105   23.865   0.043   23.673   0.041   23.344   0.02   22.391   0.02   22.202   0.02   21.329   0.02   21.257   0.02   20.943   0.02   20.669   0.02   20.534   0.02   20.401   0.02   20.217   0.02   20.049   0.02
206.8859   -11.7682   rxj1347   clash_rxj1347_nir_1917   507   0.916   25.649   0.342   25.789   0.309   25.803   0.32   25.209   0.101   25.363   0.107   25.452   0.061   25.443   0.066   25.456   0.1   24.773   0.059   24.572   0.022   24.318   0.047   24.452   0.021   24.332   0.02   24.245   0.02   24.19   0.02   24.183   0.02
206.8816   -11.7635   rxj1347   clash_rxj1347_nir_1659   616   0.774   25.559   0.391   27.002   1.122   25.542   0.267   25.335   0.129   25.244   0.159   25.521   0.065   25.154   0.079   25.098   0.105   24.36   0.053   24.343   0.02   24.071   0.041   24.099   0.02   24.09   0.02   24.021   0.02   23.99   0.02   23.9   0.02
206.885   -11.7629   rxj1347   clash_rxj1347_nir_1627   374   0.464   25.449   0.274   99.0   25.439   25.682   0.27   26.952   0.505   26.332   0.292   26.263   0.137   25.337   0.066   25.263   0.094   24.525   0.046   24.569   0.023   24.303   0.052   24.332   0.02   24.163   0.02   24.07   0.02   24.005   0.02   23.956   0.02
206.8677   -11.7463   rxj1347   clash_rxj1347_nir_0482   304   0.949   25.271   0.263   25.868   0.287   25.12   0.145   25.397   0.129   25.515   0.105   25.34   0.042   25.454   0.055   25.486   0.077   24.971   0.055   24.967   0.023   24.924   0.066   24.977   0.031   24.931   0.02   24.813   0.025   24.826   0.02   24.954   0.02
206.8703   -11.7552   rxj1347   clash_rxj1347_nir_1089   304   0.846   29.116   9.415   26.777   0.767   26.583   0.543   26.382   0.278   26.011   0.174   26.098   0.095   25.591   0.068   25.773   0.115   25.178   0.078   24.98   0.026   24.795   0.061   24.785   0.028   24.643   0.02   24.614   0.022   24.508   0.02   24.462   0.02
206.8673   -11.759   rxj1347   clash_rxj1347_nir_1316   933   0.94   25.356   0.342   27.511   1.609   25.348   0.207   25.288   0.111   25.12   0.088   24.943   0.035   24.692   0.035   24.681   0.052   23.997   0.029   23.896   0.02   23.649   0.025   23.568   0.02   23.434   0.02   23.353   0.02   23.278   0.02   23.22   0.02
233.2386   30.3619   rxj1532   clash_rxj1532_nir_0334   1053   0.834   25.044   0.206   24.858   0.167   24.482   0.087   24.65   0.06   24.439   0.048   24.314   0.029   23.959   0.02   23.822   0.022   23.226   0.02   23.141   0.02   22.959   0.02   22.847   0.02   22.766   0.02   22.671   0.02   22.608   0.02   22.536   0.02
233.2464   30.3551   rxj1532   clash_rxj1532_nir_0656   2925   0.896   99.0   25.399   25.891   0.6   24.98   0.23   24.768   0.089   24.58   0.082   24.218   0.04   23.602   0.02   23.493   0.023   22.613   0.02   22.44   0.02   22.03   0.02   21.761   0.02   21.589   0.02   21.413   0.02   21.252   0.02   21.139   0.02
233.2303   30.3484   rxj1532   clash_rxj1532_nir_1007   380   0.902   25.502   0.166   25.448   0.128   24.812   0.054   24.585   0.029   24.576   0.028   24.468   0.02   24.381   0.02   24.427   0.02   23.935   0.02   23.843   0.02   23.71   0.02   23.854   0.02   23.779   0.02   23.784   0.02   23.778   0.02   23.854   0.02
233.2291   30.3472   rxj1532   clash_rxj1532_nir_1097   3204   0.917   99.0   25.399   25.436   0.313   24.839   0.159   24.848   0.09   24.603   0.075   24.358   0.042   23.392   0.02   23.169   0.02   22.14   0.02   21.957   0.02   21.567   0.02   21.171   0.02   20.936   0.02   20.735   0.02   20.533   0.02   20.385   0.02
233.2278   30.3461   rxj1532   clash_rxj1532_nir_1162   985   0.635   25.422   0.274   25.439   0.254   25.116   0.154   24.906   0.076   24.864   0.108   24.636   0.058   24.183   0.026   24.07   0.038   23.58   0.028   23.603   0.02   23.568   0.037   23.401   0.02   23.364   0.02   23.345   0.02   23.217   0.02   23.159   0.02
233.2265   30.3415   rxj1532   clash_rxj1532_nir_1372   1899   0.656   23.563   0.048   23.351   0.033   23.028   0.021   22.688   0.02   22.52   0.02   22.341   0.02   21.738   0.02   21.589   0.02   21.317   0.02   21.253   0.02   21.062   0.02   20.955   0.02   20.871   0.02   20.807   0.02   20.666   0.02   20.578   0.02
233.2223   30.3305   rxj1532   clash_rxj1532_nir_1748   447   0.651   25.889   0.318   24.823   0.105   24.838   0.102   24.749   0.049   24.515   0.035   24.54   0.025   24.138   0.02   24.024   0.02   23.738   0.02   23.687   0.02   23.711   0.022   23.614   0.02   23.65   0.02   23.581   0.02   23.524   0.02   23.451   0.02
233.2421   30.3417   rxj1532   clash_rxj1532_nir_1373   994   0.901   25.337   0.845   24.55   0.354   24.103   0.214   24.132   0.11   23.858   0.085   23.748   0.052   23.693   0.038   23.698   0.057   23.255   0.044   23.118   0.023   22.999   0.048   22.565   0.02   22.706   0.099   22.567   0.02   22.839   0.02   22.94   0.02
233.2375   30.3449   rxj1532   clash_rxj1532_nir_1223   432   0.728   24.456   0.111   24.959   0.162   24.447   0.079   24.443   0.044   24.309   0.039   24.27   0.026   23.827   0.02   23.731   0.02   23.319   0.02   23.285   0.02   23.225   0.02   23.051   0.02   23.003   0.02   22.956   0.02   22.836   0.02   22.795   0.02
233.2449   30.35   rxj1532   clash_rxj1532_nir_1001   799   0.94   26.153   0.364   25.644   0.194   25.34   0.114   25.355   0.067   25.34   0.065   25.156   0.04   24.454   0.02   24.228   0.02   23.311   0.02   23.078   0.02   22.687   0.02   22.375   0.02   22.172   0.02   21.99   0.02   21.773   0.02   21.617   0.02
233.2055   30.3505   rxj1532   clash_rxj1532_nir_0933   404   0.603   24.601   0.095   24.889   0.111   24.727   0.079   24.571   0.064   24.533   0.04   24.562   0.03   24.301   0.02   24.202   0.025   24.011   0.025   24.041   0.02   24.226   0.043   24.077   0.02   24.097   0.02   24.089   0.02   24.074   0.02   24.022   0.02
233.2251   30.3541   rxj1532   clash_rxj1532_nir_0728   692   0.85   25.021   0.188   24.209   0.086   23.85   0.057   23.821   0.026   23.693   0.029   23.777   0.02   23.624   0.02   23.564   0.02   23.166   0.02   23.081   0.02   23.003   0.02   23.045   0.02   22.996   0.02   22.976   0.02   22.94   0.02   23.009   0.02
233.2277   30.3659   rxj1532   clash_rxj1532_nir_0191   181   0.675   29.086   5.525   25.675   0.171   25.833   0.146   25.536   0.068   25.521   0.102   25.336   0.05   25.29   0.031   25.175   0.044   24.841   0.04   24.773   0.021   24.708   0.048   24.836   0.02   24.805   0.02   24.807   0.02   24.871   0.02   24.853   0.02
322.4138   0.1085   rxj2129   clash_rxj2129_nir_0068   2224   0.596   24.455   0.121   23.798   0.082   23.498   0.04   23.251   0.02   22.94   0.02   22.775   0.02   26.941   0.02   22.132   0.02   21.966   0.02   21.507   0.02   21.457   0.02   21.274   0.02   21.095   0.02   21.03   0.02   20.938   0.02   20.791   0.02
322.4166   0.1071   rxj2129   clash_rxj2129_nir_0105   1107   0.975   25.63   0.356   24.864   0.136   24.167   0.059   24.067   0.033   23.924   0.041   23.889   0.022   26.927   0.02   23.657   0.02   23.59   0.026   22.939   0.02   22.82   0.02   22.583   0.02   22.464   0.02   22.351   0.02   22.216   0.02   22.122   0.02
322.4242   0.1064   rxj2129   clash_rxj2129_nir_0153   519   0.491   25.802   0.463   27.336   1.58   25.403   0.213   25.577   0.155   25.275   0.107   25.11   0.073   24.958   0.061   24.55   0.031   24.389   0.044   24.019   0.034   24.006   0.02   24.056   0.047   23.929   0.02   23.867   0.02   23.909   0.02   23.737   0.02
322.4109   0.106   rxj2129   clash_rxj2129_nir_0173   998   1.044   26.104   0.537   25.456   0.353   24.662   0.119   24.568   0.067   24.462   0.061   24.236   0.04   26.695   0.02   24.047   0.025   23.956   0.038   23.371   0.023   23.297   0.02   22.984   0.023   22.793   0.02   22.651   0.02   22.525   0.02   22.387   0.02
322.4224   0.1038   rxj2129   clash_rxj2129_nir_0254   1804   0.965   26.289   0.752   24.736   0.179   25.147   0.184   25.317   0.131   24.975   0.092   24.495   0.043   25.269   0.09   23.81   0.02   23.569   0.026   22.729   0.02   22.624   0.02   22.278   0.02   21.898   0.02   21.695   0.02   21.468   0.02   21.176   0.02
322.4232   0.1019   rxj2129   clash_rxj2129_nir_0324   3521   1.003   24.545   0.265   23.665   0.099   23.287   0.053   23.028   0.027   22.789   0.02   22.675   0.02   25.174   0.02   22.132   0.02   22.005   0.02   21.307   0.02   21.216   0.02   20.966   0.02   20.661   0.02   20.53   0.02   20.357   0.02   20.208   0.02
322.4122   0.1032   rxj2129   clash_rxj2129_nir_0280   1793   0.905   26.031   0.569   25.711   0.468   24.717   0.137   24.53   0.071   24.493   0.074   24.174   0.04   25.894   0.02   23.633   0.02   23.585   0.029   22.667   0.02   22.535   0.02   22.248   0.02   22.007   0.02   21.795   0.02   21.616   0.02   21.444   0.02
322.4275   0.1017   rxj2129   clash_rxj2129_nir_0329   2099   0.546   99.0   25.14   25.152   0.291   24.827   0.155   24.358   0.06   23.913   0.038   23.633   0.023   23.332   0.02   22.724   0.02   22.457   0.02   21.916   0.02   21.814   0.02   21.565   0.02   21.326   0.02   21.202   0.02   21.061   0.02   20.843   0.02
322.4162   0.0981   rxj2129   clash_rxj2129_nir_0495   165   0.385   26.179   0.373   30.874   26.119   27.033   0.542   26.952   0.332   26.355   0.242   26.191   0.131   27.532   0.02   25.736   0.056   25.445   0.075   25.362   0.068   25.235   0.036   24.96   0.061   25.007   0.02   24.905   0.02   24.889   0.02   24.824   0.02
322.4141   0.0965   rxj2129   clash_rxj2129_nir_0534   1666   0.574   23.771   0.107   23.531   0.067   23.371   0.049   23.18   0.028   23.149   0.025   23.141   0.02   26.041   0.02   22.659   0.02   22.51   0.02   22.18   0.02   22.167   0.02   22.19   0.02   22.092   0.02   22.07   0.02   22.042   0.02   21.961   0.02
322.4147   0.0974   rxj2129   clash_rxj2129_nir_0618   694   0.673   99.0   25.14   24.341   0.103   24.237   0.086   24.341   0.073   24.189   0.074   24.052   0.034   26.958   0.02   23.705   0.023   23.501   0.025   23.297   0.025   23.207   0.02   23.106   0.024   23.099   0.02   23.091   0.02   22.939   0.02   22.895   0.02
322.4306   0.0964   rxj2129   clash_rxj2129_nir_0585   1082   0.673   25.266   0.334   25.075   0.265   24.663   0.12   24.329   0.058   24.207   0.051   24.235   0.036   24.087   0.033   23.846   0.02   23.638   0.032   23.248   0.022   23.26   0.02   23.109   0.024   23.072   0.02   22.996   0.02   22.9   0.02   22.841   0.02
322.4342   0.0953   rxj2129   clash_rxj2129_nir_0637   612   0.629   25.544   0.586   29.12   14.584   25.221   0.314   24.892   0.146   24.622   0.092   24.666   0.075   24.919   0.096   24.138   0.036   23.975   0.05   23.646   0.042   23.637   0.022   23.531   0.046   23.382   0.02   23.24   0.12   23.235   0.02   23.167   0.02
322.4271   0.0915   rxj2129   clash_rxj2129_nir_0834   694   0.512   25.599   0.324   25.786   0.361   25.762   0.259   25.17   0.094   24.834   0.061   24.68   0.04   27.671   0.02   24.015   0.02   23.896   0.026   23.47   0.021   23.448   0.02   23.346   0.022   23.231   0.02   23.17   0.02   23.124   0.02   23.019   0.02
322.4002   0.0894   rxj2129   clash_rxj2129_nir_0918   7284   0.465   23.69   0.103   23.744   0.11   23.215   0.056   22.68   0.023   22.339   0.02   22.006   0.02   24.852   0.02   20.984   0.02   20.73   0.02   20.216   0.02   20.115   0.02   19.84   0.02   19.615   0.02   19.491   0.02   19.346   0.02   19.151   0.02
322.4036   0.088   rxj2129   clash_rxj2129_nir_1112   723   0.423   24.83   0.13   24.658   0.125   24.247   0.089   24.37   0.042   24.205   0.037   23.986   0.022   27.417   0.02   23.446   0.02   23.321   0.02   22.989   0.02   23.0   0.02   22.907   0.02   22.863   0.02   22.81   0.02   22.752   0.02   22.672   0.02
322.4206   0.0793   rxj2129   clash_rxj2129_nir_1486   5938   0.655   26.723   1.458   25.348   0.394   24.734   0.159   24.306   0.073   23.875   0.043   23.219   0.02   25.045   0.02   21.954   0.02   21.688   0.02   20.669   0.02   20.536   0.02   20.206   0.02   19.895   0.02   19.735   0.02   19.558   0.02   19.358   0.02
322.4112   0.0786   rxj2129   clash_rxj2129_nir_1583   2957   1.005   24.786   0.186   24.252   0.14   23.545   0.057   23.444   0.031   23.203   0.022   23.007   0.02   26.215   0.02   22.605   0.02   22.524   0.02   21.834   0.02   21.728   0.02   21.443   0.02   21.224   0.02   21.0   0.02   20.823   0.02   20.663   0.02
322.4069   0.0763   rxj2129   clash_rxj2129_nir_1694   1881   0.952   24.543   0.128   23.788   0.081   23.279   0.043   23.206   0.02   23.012   0.02   22.895   0.02   26.08   0.02   22.65   0.02   22.598   0.02   21.983   0.02   21.922   0.02   21.716   0.02   21.636   0.02   21.489   0.02   21.339   0.02   21.238   0.02
322.4265   0.0889   rxj2129   clash_rxj2129_nir_1021   498   0.539   26.211   0.437   25.778   0.321   25.511   0.182   25.82   0.147   25.61   0.104   25.354   0.069   28.18   0.02   24.934   0.033   24.851   0.056   24.374   0.037   24.422   0.02   24.451   0.047   24.396   0.02   24.314   0.02   24.284   0.02   24.194   0.02
322.4291   0.0762   rxj2129   clash_rxj2129_nir_1714   477   0.796   27.12   0.926   26.35   0.506   26.178   0.288   26.143   0.174   26.11   0.169   26.577   0.2   27.01   0.02   25.447   0.056   25.579   0.092   24.677   0.048   24.631   0.024   24.347   0.044   24.312   0.02   24.161   0.02   24.178   0.02   23.942   0.02
322.419   0.0734   rxj2129   clash_rxj2129_nir_1822   365   0.928   26.538   0.614   26.578   0.644   25.432   0.201   26.12   0.186   25.628   0.11   25.348   0.069   26.509   0.02   25.488   0.058   25.39   0.086   24.77   0.052   24.668   0.026   24.566   0.057   24.468   0.02   24.339   0.02   24.225   0.02   24.167   0.02
322.4075   0.0818   rxj2129   clash_rxj2129_nir_1272   498   3.242   99.0   25.14   99.0   25.412   20.59   0.02   25.731   0.344   25.835   0.274   25.484   0.161   25.178   0.02   24.863   0.071   24.69   0.096   24.653   0.1   24.422   0.043   24.687   0.137   24.157   0.023   24.267   0.02   24.234   0.025   23.996   0.02
322.4163   0.0843   rxj2129   clash_rxj2129_nir_1440   287   0.895   99.0   25.14   26.428   0.306   25.509   0.102   25.233   0.052   25.036   0.039   24.855   0.026   28.442   0.02   24.761   0.021   24.849   0.03   24.291   0.021   24.233   0.02   24.106   0.022   24.22   0.02   24.103   0.02   24.093   0.02   24.009   0.02
322.4185   0.0855   rxj2129   clash_rxj2129_nir_1194   1181   0.511   99.0   25.14   99.0   25.412   26.389   0.403   25.436   0.108   24.607   0.039   24.298   0.025   27.517   0.02   23.431   0.02   23.082   0.02   22.507   0.02   22.273   0.02   21.969   0.02   21.815   0.02   21.725   0.02   21.646   0.02   21.535   0.02
